121.848089758	25.0235823699	1
121.840678793	25.0295643725	2
121.833267105	25.0355460075	3
121.825854695	25.0415272749	4
121.818441562	25.0475081745	5
121.811027705	25.0534887062	6
121.803613125	25.0594688699	7
121.796197821	25.0654486653	8
121.788781794	25.0714280924	9
121.781365042	25.0774071511	10
121.773947566	25.0833858412	11
121.766529365	25.0893641625	12
121.759110439	25.095342115	13
121.751690788	25.1013196984	14
121.744270413	25.1072969127	15
121.736849311	25.1132737578	16
121.729427484	25.1192502334	17
121.722004931	25.1252263394	18
121.714581652	25.1312020758	19
121.707157646	25.1371774424	20
121.699732914	25.1431524389	21
121.692307455	25.1491270654	22
121.684881269	25.1551013217	23
121.677454355	25.1610752076	24
121.670026714	25.1670487229	25
121.662598346	25.1730218677	26
121.655169249	25.1789946416	27
121.647739424	25.1849670446	28
121.640308871	25.1909390766	29
121.632877589	25.1969107374	30
121.625445579	25.2028820268	31
121.618012839	25.2088529448	32
121.61057937	25.2148234912	33
121.603145172	25.2207936659	34
121.595710243	25.2267634686	35
121.588274585	25.2327328994	36
121.580838197	25.238701958	37
121.573401078	25.2446706443	38
121.565963229	25.2506389582	39
121.558524649	25.2566068995	40
121.551085337	25.2625744681	41
121.543645295	25.2685416639	42
121.536204521	25.2745084867	43
121.528763015	25.2804749364	44
121.521320777	25.2864410129	45
121.513877807	25.292406716	46
121.506434105	25.2983720455	47
121.49898967	25.3043370014	48
121.491544502	25.3103015835	49
121.484098601	25.3162657916	50
121.476651966	25.3222296257	51
121.469204598	25.3281930856	52
121.461756497	25.3341561711	53
121.454307661	25.3401188821	54
121.446858091	25.3460812186	55
121.439407787	25.3520431802	56
121.431956748	25.358004767	57
121.424504975	25.3639659787	58
121.417052466	25.3699268152	59
121.409599221	25.3758872764	60
121.402145242	25.3818473622	61
121.394690526	25.3878070724	62
121.387235075	25.3937664068	63
121.379778887	25.3997253654	64
121.372321963	25.405683948	65
121.364864302	25.4116421545	66
121.357405904	25.4175999846	67
121.349946769	25.4235574384	68
121.342486897	25.4295145156	69
121.335026288	25.4354712161	70
121.32756494	25.4414275397	71
121.320102854	25.4473834864	72
121.312640031	25.453339056	73
121.305176468	25.4592942484	74
121.297712168	25.4652490633	75
121.290247128	25.4712035008	76
121.282781349	25.4771575606	77
121.27531483	25.4831112425	78
121.267847573	25.4890645466	79
121.260379575	25.4950174725	80
121.252910837	25.5009700203	81
121.245441359	25.5069221896	82
121.237971141	25.5128739805	83
121.230500181	25.5188253928	84
121.223028481	25.5247764263	85
121.21555604	25.5307270809	86
121.208082858	25.5366773564	87
121.200608933	25.5426272527	88
121.193134267	25.5485767698	89
121.185658859	25.5545259073	90
121.178182709	25.5604746653	91
121.170705816	25.5664230435	92
121.16322818	25.5723710418	93
121.155749802	25.5783186601	94
121.14827068	25.5842658982	95
121.140790815	25.5902127561	96
121.133310206	25.5961592335	97
121.125828854	25.6021053303	98
121.118346757	25.6080510464	99
121.110863916	25.6139963817	100
121.103380331	25.6199413359	101
121.095896001	25.625885909	102
121.088410926	25.6318301009	103
121.080925105	25.6377739113	104
121.07343854	25.6437173402	105
121.065951228	25.6496603874	106
121.058463171	25.6556030527	107
121.050974368	25.6615453361	108
121.043484818	25.6674872374	109
121.035994522	25.6734287564	110
121.028503479	25.679369893	111
121.021011689	25.6853106471	112
121.013519152	25.6912510186	113
121.006025867	25.6971910072	114
120.998531835	25.7031306129	115
120.991037055	25.7090698354	116
120.983541527	25.7150086748	117
120.97604525	25.7209471308	118
120.968548225	25.7268852033	119
120.961050451	25.7328228921	120
120.953551928	25.7387601971	121
120.946052656	25.7446971182	122
120.938552635	25.7506336553	123
120.931051863	25.7565698081	124
120.923550342	25.7625055766	125
120.916048071	25.7684409606	126
120.908545049	25.7743759599	127
120.901041277	25.7803105745	128
120.893536754	25.7862448042	129
120.886031479	25.7921786488	130
120.878525454	25.7981121083	131
120.871018677	25.8040451824	132
120.863511149	25.809977871	133
120.856002868	25.815910174	134
120.848493835	25.8218420913	135
120.84098405	25.8277736227	136
120.833473513	25.833704768	137
120.825962222	25.8396355272	138
120.818450179	25.8455659	139
120.810937382	25.8514958864	140
120.803423831	25.8574254862	141
120.795909527	25.8633546993	142
120.788394469	25.8692835255	143
120.780878657	25.8752119646	144
120.77336209	25.8811400167	145
120.765844769	25.8870676814	146
120.758326693	25.8929949586	147
120.750807862	25.8989218483	148
120.743288275	25.9048483503	149
120.735767933	25.9107744643	150
120.728246835	25.9167001904	151
120.720724981	25.9226255284	152
120.713202371	25.928550478	153
120.705679005	25.9344750393	154
120.698154882	25.9403992119	155
120.690630001	25.9463229958	156
120.683104364	25.9522463909	157
120.67557797	25.958169397	158
120.668050818	25.964092014	159
120.660522908	25.9700142417	160
120.65299424	25.9759360799	161
120.645464814	25.9818575286	162
120.637934629	25.9877785876	163
120.630403686	25.9936992568	164
120.622871984	25.999619536	165
120.615339522	26.005539425	166
120.607806302	26.0114589238	167
120.600272321	26.0173780322	168
120.592737581	26.02329675	169
120.585202081	26.0292150771	170
120.577665821	26.0351330134	171
120.5701288	26.0410505587	172
120.562591018	26.0469677129	173
120.555052475	26.0528844758	174
120.547513171	26.0588008474	175
120.539973106	26.0647168274	176
120.532432279	26.0706324157	177
120.524890691	26.0765476121	178
120.51734834	26.0824624166	179
120.509805227	26.088376829	180
120.502261351	26.0942908492	181
120.494716713	26.1002044769	182
120.487171311	26.1061177121	183
120.479625147	26.1120305546	184
120.472078219	26.1179430043	185
120.464530527	26.1238550611	186
120.456982072	26.1297667247	187
120.449432852	26.1356779951	188
120.441882868	26.141588872	189
120.43433212	26.1474993555	190
120.426780606	26.1534094452	191
120.419228328	26.1593191412	192
120.411675284	26.1652284432	193
120.404121475	26.171137351	194
120.396566901	26.1770458647	195
120.38901156	26.1829539839	196
120.381455453	26.1888617086	197
120.37389858	26.1947690386	198
120.36634094	26.2006759738	199
120.358782533	26.2065825141	200
120.35122336	26.2124886592	201
120.343663419	26.2183944091	202
120.33610271	26.2242997636	203
120.328541234	26.2302047226	204
120.32097899	26.2361092859	205
120.313415978	26.2420134533	206
120.305852197	26.2479172248	207
120.298287648	26.2538206002	208
120.29072233	26.2597235794	209
120.283156242	26.2656261621	210
120.275589386	26.2715283484	211
120.26802176	26.2774301379	212
120.260453364	26.2833315306	213
120.252884198	26.2892325264	214
120.245314262	26.295133125	215
120.237743555	26.3010333264	216
120.230172078	26.3069331304	217
120.22259983	26.3128325368	218
120.215026811	26.3187315456	219
120.20745302	26.3246301566	220
120.199878458	26.3305283695	221
120.192303124	26.3364261844	222
120.184727018	26.342323601	223
120.17715014	26.3482206192	224
120.169572489	26.3541172389	225
120.161994066	26.3600134598	226
120.15441487	26.365909282	227
120.1468349	26.3718047051	228
120.139254157	26.3776997292	229
120.131672641	26.3835943539	230
120.12409035	26.3894885793	231
120.116507286	26.3953824051	232
120.108923447	26.4012758312	233
120.101338834	26.4071688575	234
120.093753446	26.4130614838	235
120.086167283	26.41895371	236
120.078580345	26.4248455358	237
120.070992632	26.4307369613	238
120.063404142	26.4366279862	239
120.055814877	26.4425186104	240
120.048224836	26.4484088338	241
120.040634019	26.4542986562	242
120.033042425	26.4601880774	243
120.025450054	26.4660770973	244
120.017856906	26.4719657158	245
120.010262981	26.4778539328	246
120.002668278	26.483741748	247
119.995072798	26.4896291614	248
119.98747654	26.4955161727	249
119.979879504	26.5014027819	250
119.972281689	26.5072889888	251
119.964683096	26.5131747933	252
119.957083723	26.5190601952	253
119.949483572	26.5249451944	254
119.941882642	26.5308297906	255
119.934280932	26.5367139839	256
119.926678442	26.542597774	257
119.919075173	26.5484811608	258
119.911471123	26.5543641441	259
119.903866293	26.5602467239	260
119.896260682	26.5661288998	261
119.88865429	26.572010672	262
119.881047117	26.57789204	263
119.873439163	26.5837730039	264
119.865830427	26.5896535635	265
119.85822091	26.5955337186	266
119.85061061	26.601413469	267
119.842999528	26.6072928148	268
119.835387664	26.6131717556	269
119.827775017	26.6190502913	270
119.820161588	26.6249284219	271
119.812547375	26.6308061471	272
119.804932379	26.6366834668	273
119.797316599	26.6425603809	274
119.789700035	26.6484368893	275
119.782082687	26.6543129917	276
119.774464555	26.660188688	277
119.766845639	26.6660639781	278
119.759225937	26.6719388618	279
119.751605451	26.6778133391	280
119.74398418	26.6836874097	281
119.736362123	26.6895610735	282
119.728739281	26.6954343303	283
119.721115652	26.7013071801	284
119.713491238	26.7071796226	285
119.705866037	26.7130516577	286
119.69824005	26.7189232853	287
119.690613276	26.7247945052	288
119.682985715	26.7306653173	289
119.675357367	26.7365357215	290
119.667728231	26.7424057175	291
119.660098308	26.7482753053	292
119.652467597	26.7541444846	293
119.644836097	26.7600132554	294
119.637203809	26.7658816175	295
119.629570733	26.7717495708	296
119.621936868	26.7776171151	297
119.614302214	26.7834842502	298
119.60666677	26.7893509761	299
119.599030537	26.7952172925	300
119.591393514	26.8010831993	301
119.583755702	26.8069486965	302
119.576117099	26.8128137837	303
119.568477706	26.8186784609	304
119.560837522	26.824542728	305
119.553196547	26.8304065848	306
119.545554781	26.8362700311	307
119.537912224	26.8421330668	308
119.530268875	26.8479956917	309
119.522624734	26.8538579058	310
119.514979802	26.8597197088	311
119.507334077	26.8655811006	312
119.49968756	26.8714420811	313
119.49204025	26.8773026501	314
119.484392147	26.8831628074	315
119.476743251	26.889022553	316
119.469093562	26.8948818866	317
119.461443079	26.9007408082	318
119.453791802	26.9065993176	319
119.446139731	26.9124574145	320
119.438486866	26.918315099	321
119.430833207	26.9241723708	322
119.423178752	26.9300292298	323
119.415523503	26.9358856759	324
119.407867459	26.9417417088	325
119.400210619	26.9475973285	326
119.392552983	26.9534525347	327
119.384894552	26.9593073275	328
119.377235324	26.9651617065	329
119.3695753	26.9710156717	330
119.36191448	26.9768692229	331
119.354252863	26.98272236	332
119.346590448	26.9885750827	333
119.338927237	26.9944273911	334
119.331263228	27.0002792848	335
119.323598421	27.0061307639	336
119.315932817	27.011981828	337
119.308266414	27.0178324771	338
119.300599213	27.0236827111	339
119.292931213	27.0295325297	340
119.285262415	27.0353819329	341
119.277592817	27.0412309204	342
119.26992242	27.0470794922	343
119.262251224	27.0529276481	344
119.254579228	27.0587753879	345
119.246906432	27.0646227115	346
119.239232835	27.0704696187	347
119.231558439	27.0763161094	348
119.223883241	27.0821621835	349
119.216207243	27.0880078407	350
119.208530443	27.0938530811	351
119.200852843	27.0996979043	352
119.19317444	27.1055423102	353
119.185495236	27.1113862988	354
119.17781523	27.1172298698	355
119.170134421	27.1230730231	356
119.16245281	27.1289157586	357
119.154770397	27.1347580761	358
119.14708718	27.1405999755	359
119.13940316	27.1464414565	360
119.131718337	27.1522825191	361
119.12403271	27.1581231632	362
119.11634628	27.1639633885	363
119.108659045	27.1698031949	364
119.100971006	27.1756425822	365
119.093282163	27.1814815504	366
119.085592514	27.1873200993	367
119.077902061	27.1931582287	368
119.070210802	27.1989959384	369
119.062518738	27.2048332284	370
119.054825869	27.2106700984	371
119.047132193	27.2165065484	372
119.039437711	27.2223425781	373
119.031742423	27.2281781875	374
119.024046328	27.2340133763	375
119.016349427	27.2398481445	376
119.008651718	27.2456824918	377
119.000953202	27.2515164182	378
118.993253879	27.2573499234	379
118.985553748	27.2631830074	380
118.977852809	27.2690156699	381
118.970151062	27.2748479109	382
118.962448506	27.2806797302	383
118.954745142	27.2865111275	384
118.947040969	27.2923421029	385
118.939335986	27.2981726561	386
118.931630195	27.3040027869	387
118.923923593	27.3098324953	388
118.916216182	27.3156617811	389
118.908507961	27.3214906441	390
118.90079893	27.3273190842	391
118.893089088	27.3331471012	392
118.885378436	27.338974695	393
118.877666973	27.3448018654	394
118.869954698	27.3506286123	395
118.862241612	27.3564549356	396
118.854527715	27.362280835	397
118.846813005	27.3681063104	398
118.839097484	27.3739313617	399
118.83138115	27.3797559888	400
118.823664004	27.3855801914	401
118.815946045	27.3914039695	402
118.808227272	27.3972273228	403
118.800507687	27.4030502513	404
118.792787288	27.4088727547	405
118.785066076	27.414694833	406
118.77734405	27.4205164859	407
118.769621209	27.4263377134	408
118.761897554	27.4321585152	409
118.754173085	27.4379788913	410
118.746447801	27.4437988414	411
118.738721701	27.4496183654	412
118.730994787	27.4554374633	413
118.723267057	27.4612561347	414
118.715538511	27.4670743796	415
118.707809149	27.4728921979	416
118.700078971	27.4787095893	417
118.692347977	27.4845265537	418
118.684616166	27.490343091	419
118.676883538	27.496159201	420
118.669150093	27.5019748836	421
118.661415831	27.5077901385	422
118.653680751	27.5136049658	423
118.645944853	27.5194193651	424
118.638208137	27.5252333365	425
118.630470603	27.5310468796	426
118.622732251	27.5368599943	427
118.61499308	27.5426726806	428
118.607253089	27.5484849383	429
118.59951228	27.5542967671	430
118.591770651	27.560108167	431
118.584028203	27.5659191378	432
118.576284935	27.5717296793	433
118.568540847	27.5775397914	434
118.560795938	27.583349474	435
118.553050209	27.5891587269	436
118.545303659	27.5949675499	437
118.537556288	27.6007759429	438
118.529808096	27.6065839057	439
118.522059083	27.6123914382	440
118.514309247	27.6181985403	441
118.50655859	27.6240052117	442
118.498807111	27.6298114524	443
118.491054809	27.6356172622	444
118.483301685	27.6414226408	445
118.475547738	27.6472275883	446
118.467792968	27.6530321044	447
118.460037374	27.6588361889	448
118.452280957	27.6646398417	449
118.444523716	27.6704430628	450
118.436765652	27.6762458518	451
118.429006763	27.6820482087	452
118.421247049	27.6878501333	453
118.413486511	27.6936516255	454
118.405725148	27.699452685	455
118.39796296	27.7052533119	456
118.390199947	27.7110535058	457
118.382436108	27.7168532666	458
118.374671443	27.7226525943	459
118.366905952	27.7284514886	460
118.359139635	27.7342499494	461
118.351372492	27.7400479765	462
118.343604521	27.7458455698	463
118.335835724	27.7516427291	464
118.3280661	27.7574394544	465
118.320295648	27.7632357453	466
118.312524368	27.7690316018	467
118.304752261	27.7748270237	468
118.296979325	27.7806220109	469
118.289205562	27.7864165633	470
118.281430969	27.7922106805	471
118.273655548	27.7980043626	472
118.265879298	27.8037976093	473
118.258102218	27.8095904206	474
118.25032431	27.8153827961	475
118.242545571	27.8211747359	476
118.234766002	27.8269662397	477
118.226985604	27.8327573074	478
118.219204375	27.8385479389	479
118.211422315	27.8443381339	480
118.203639424	27.8501278923	481
118.195855703	27.8559172141	482
118.18807115	27.8617060989	483
118.180285765	27.8674945467	484
118.172499549	27.8732825573	485
118.1647125	27.8790701306	486
118.15692462	27.8848572664	487
118.149135907	27.8906439646	488
118.141346361	27.8964302249	489
118.133555983	27.9022160473	490
118.125764771	27.9080014316	491
118.117972726	27.9137863776	492
118.110179847	27.9195708852	493
118.102386134	27.9253549542	494
118.094591588	27.9311385845	495
118.086796207	27.936921776	496
118.078999991	27.9427045284	497
118.071202941	27.9484868416	498
118.063405056	27.9542687155	499
118.055606336	27.9600501498	500
