   6371000.0000000000        0.0000000000000000        3480.0000000000000        4480.0000000000000        2010.0000000000000        2590.0000000000000     
   6369000.0000000000        2000.0000000000000        4480.0000000000000        5250.0000000000000        2590.0000000000000        3030.0000000000000     
   6367000.0000000000        4000.0000000000000        5250.0000000000000        5830.0000000000000        3030.0000000000000        3370.0000000000000     
   6362000.0000000000        9000.0000000000000        5830.0000000000000        6210.0000000000000        3370.0000000000000        3590.0000000000000     
   6358000.0000000000        13000.000000000000        6210.0000000000000        6830.0000000000000        3590.0000000000000        3940.0000000000000     
   6346000.0000000000        25000.000000000000        6830.0000000000000        7770.0000000000000        3940.0000000000000        4490.0000000000000     
   6336000.0000000000        35000.000000000000        7770.0000000000000        8050.0000000000000        4490.0000000000000        4650.0000000000000     
   6321000.0000000000        50000.000000000000        8050.0000000000000        8340.0000000000000        4650.0000000000000        4820.0000000000000     
   6281000.0000000000        90000.000000000000        8340.0000000000000        8380.0000000000000        4820.0000000000000        4840.0000000000000     
   6201000.0000000000        170000.00000000000        8380.0000000000000        9030.0000000000000        4840.0000000000000        4870.0000000000000     
   5961000.0000000000        410000.00000000000        9360.0000000000000        10200.000000000000        5070.0000000000000        5600.0000000000000     
   5711000.0000000000        660000.00000000000        10790.000000000000        13690.799804687500        5950.0000000000000        7301.5000000000000     
   3482000.0000000000        2889000.0000000000        8008.7001953125000        10257.799804687500        100.00000000000000        100.00000000000000     
   1217100.0000000000        5153900.0000000000        11091.400390625000        11240.900390625000        3438.5000000000000        3564.5000000000000     
