121.61  25.18  20.0 -30.00  -30.00  0.0
121.62  25.18  19.0 -30.00  -30.00  0.0
121.62  25.18  20.0 -30.00  -30.00  0.0
121.62  25.18  21.0 -30.00  -30.00  0.0
121.62  25.18  19.0 -30.00  -30.00  0.0
121.62  25.18  20.0 -30.00  -30.00  0.0
121.62  25.18  21.0 -30.00  -30.00  0.0
121.63  25.18  20.0 -30.00  -30.00  0.0
121.60  25.18  20.0 -30.00  -30.00  0.0
121.61  25.18  19.0 -30.00  -30.00  0.0
121.61  25.18  20.0 -30.00  -30.00  0.0
121.61  25.18  21.0 -30.00  -30.00  0.0
121.61  25.18  19.0 -30.00  -30.00  0.0
121.61  25.18  20.0 -30.00  -30.00  0.0
121.61  25.18  21.0 -30.00  -30.00  0.0
121.62  25.18  18.0 -30.00  -30.00  0.0
121.62  25.18  19.0 -30.00  -30.00  0.0
121.62  25.18  20.0 -30.00  -30.00  0.0
121.62  25.18  21.0 -30.00  -30.00  0.0
121.62  25.18  22.0 -30.00  -30.00  0.0
121.62  25.18  18.0 -30.00  -30.00  0.0
121.62  25.18  19.0 -30.00  -30.00  0.0
121.62  25.18  20.0 -30.00  -30.00  0.0
121.62  25.18  21.0 -30.00  -30.00  0.0
121.62  25.18  22.0 -30.00  -30.00  0.0
121.63  25.18  19.0 -30.00  -30.00  0.0
121.63  25.18  20.0 -30.00  -30.00  0.0
121.63  25.18  21.0 -30.00  -30.00  0.0
121.63  25.18  19.0 -30.00  -30.00  0.0
121.63  25.18  20.0 -30.00  -30.00  0.0
121.63  25.18  21.0 -30.00  -30.00  0.0
121.64  25.18  20.0 -30.00  -30.00  0.0
121.60  25.19  20.0 -30.00  -30.00  0.0
121.60  25.19  19.0 -30.00  -30.00  0.0
121.60  25.19  20.0 -30.00  -30.00  0.0
121.60  25.19  21.0 -30.00  -30.00  0.0
121.61  25.19  18.0 -30.00  -30.00  0.0
121.61  25.19  19.0 -30.00  -30.00  0.0
121.61  25.19  20.0 -30.00  -30.00  0.0
121.61  25.19  21.0 -30.00  -30.00  0.0
121.61  25.19  22.0 -30.00  -30.00  0.0
121.61  25.19  18.0 -30.00  -30.00  0.0
121.61  25.19  19.0 -30.00  -30.00  0.0
121.61  25.19  20.0 -30.00  -30.00  0.0
121.61  25.19  21.0 -30.00  -30.00  0.0
121.61  25.19  22.0 -30.00  -30.00  0.0
121.62  25.19  18.0 -30.00  -30.00  0.0
121.62  25.19  19.0 -30.00  -30.00  0.0
121.62  25.19  20.0 -30.00  -30.00  0.0
121.62  25.19  21.0 -30.00  -30.00  0.0
121.62  25.19  22.0 -30.00  -30.00  0.0
121.62  25.19  18.0 -30.00  -30.00  0.0
121.62  25.19  19.0 -30.00  -30.00  0.0
121.62  25.19  20.0 -30.00  -30.00  0.0
121.62  25.19  21.0 -30.00  -30.00  0.0
121.62  25.19  22.0 -30.00  -30.00  0.0
121.63  25.19  18.0 -30.00  -30.00  0.0
121.63  25.19  19.0 -30.00  -30.00  0.0
121.63  25.19  20.0 -30.00  -30.00  0.0
121.63  25.19  21.0 -30.00  -30.00  0.0
121.63  25.19  22.0 -30.00  -30.00  0.0
121.63  25.19  18.0 -30.00  -30.00  0.0
121.63  25.19  19.0 -30.00  -30.00  0.0
121.63  25.19  20.0 -30.00  -30.00  0.0
121.63  25.19  21.0 -30.00  -30.00  0.0
121.63  25.19  22.0 -30.00  -30.00  0.0
121.64  25.19  19.0 -30.00  -30.00  0.0
121.64  25.19  20.0 -30.00  -30.00  0.0
121.64  25.19  21.0 -30.00  -30.00  0.0
121.64  25.19  19.0 -30.00  -30.00  0.0
121.64  25.19  20.0 -30.00  -30.00  0.0
121.64  25.19  21.0 -30.00  -30.00  0.0
121.60  25.19  19.0 -30.00  -30.00  0.0
121.60  25.19  20.0 -30.00  -30.00  0.0
121.60  25.19  21.0 -30.00  -30.00  0.0
121.60  25.19  18.0 -30.00  -30.00  0.0
121.60  25.19  19.0 -30.00  -30.00  0.0
121.60  25.19  20.0 -30.00  -30.00  0.0
121.60  25.19  21.0 -30.00  -30.00  0.0
121.60  25.19  22.0 -30.00  -30.00  0.0
121.61  25.19  18.0 -30.00  -30.00  0.0
121.61  25.19  19.0 -30.00  -30.00  0.0
121.61  25.19  20.0 -30.00  -30.00  0.0
121.61  25.19  21.0 -30.00  -30.00  0.0
121.61  25.19  22.0 -30.00  -30.00  0.0
121.61  25.19  18.0 -30.00  -30.00  0.0
121.61  25.19  19.0 -30.00  -30.00  0.0
121.61  25.19  20.0 -30.00  -30.00  0.0
121.61  25.19  21.0 -30.00  -30.00  0.0
121.61  25.19  22.0 -30.00  -30.00  0.0
121.62  25.19  17.0 -30.00  -30.00  0.0
121.62  25.19  18.0 -30.00  -30.00  0.0
121.62  25.19  19.0 -30.00  -30.00  0.0
121.62  25.19  20.0 -30.00  -30.00  0.0
121.62  25.19  21.0 -30.00  -30.00  0.0
121.62  25.19  22.0 -30.00  -30.00  0.0
121.62  25.19  23.0 -30.00  -30.00  0.0
121.62  25.19  17.0 -30.00  -30.00  0.0
121.62  25.19  18.0 -30.00  -30.00  0.0
121.62  25.19  19.0 -30.00  -30.00  0.0
121.62  25.19  20.0 -30.00  -30.00  0.0
121.62  25.19  21.0 -30.00  -30.00  0.0
121.62  25.19  22.0 -30.00  -30.00  0.0
121.62  25.19  23.0 -30.00  -30.00  0.0
121.63  25.19  18.0 -30.00  -30.00  0.0
121.63  25.19  19.0 -30.00  -30.00  0.0
121.63  25.19  20.0 -30.00  -30.00  0.0
121.63  25.19  21.0 -30.00  -30.00  0.0
121.63  25.19  22.0 -30.00  -30.00  0.0
121.63  25.19  18.0 -30.00  -30.00  0.0
121.63  25.19  19.0 -30.00  -30.00  0.0
121.63  25.19  20.0 -30.00  -30.00  0.0
121.63  25.19  21.0 -30.00  -30.00  0.0
121.63  25.19  22.0 -30.00  -30.00  0.0
121.64  25.19  18.0 -30.00  -30.00  0.0
121.64  25.19  19.0 -30.00  -30.00  0.0
121.64  25.19  20.0 -30.00  -30.00  0.0
121.64  25.19  21.0 -30.00  -30.00  0.0
121.64  25.19  22.0 -30.00  -30.00  0.0
121.64  25.19  19.0 -30.00  -30.00  0.0
121.64  25.19  20.0 -30.00  -30.00  0.0
121.64  25.19  21.0 -30.00  -30.00  0.0
121.65  25.19  20.0 -30.00  -30.00  0.0
121.59  25.20  19.0 -30.00  -30.00  0.0
121.59  25.20  20.0 -30.00  -30.00  0.0
121.59  25.20  21.0 -30.00  -30.00  0.0
121.60  25.20  18.0 -30.00  -30.00  0.0
121.60  25.20  19.0 -30.00  -30.00  0.0
121.60  25.20  20.0 -30.00  -30.00  0.0
121.60  25.20  21.0 -30.00  -30.00  0.0
121.60  25.20  22.0 -30.00  -30.00  0.0
121.60  25.20  18.0 -30.00  -30.00  0.0
121.60  25.20  19.0 -30.00  -30.00  0.0
121.60  25.20  20.0 -30.00  -30.00  0.0
121.60  25.20  21.0 -30.00  -30.00  0.0
121.60  25.20  22.0 -30.00  -30.00  0.0
121.61  25.20  18.0 -30.00  -30.00  0.0
121.61  25.20  19.0 -30.00  -30.00  0.0
121.61  25.20  20.0 -30.00  -30.00  0.0
121.61  25.20  21.0 -30.00  -30.00  0.0
121.61  25.20  22.0 -30.00  -30.00  0.0
121.61  25.20  17.0 -30.00  -30.00  0.0
121.61  25.20  18.0 -30.00  -30.00  0.0
121.61  25.20  19.0 -30.00  -30.00  0.0
121.61  25.20  20.0 -30.00  -30.00  0.0
121.61  25.20  21.0 -30.00  -30.00  0.0
121.61  25.20  22.0 -30.00  -30.00  0.0
121.61  25.20  23.0 -30.00  -30.00  0.0
121.62  25.20  17.0 -30.00  -30.00  0.0
121.62  25.20  18.0 -30.00  -30.00  0.0
121.62  25.20  19.0 -30.00  -30.00  0.0
121.62  25.20  20.0 -30.00  -30.00  0.0
121.62  25.20  21.0 -30.00  -30.00  0.0
121.62  25.20  22.0 -30.00  -30.00  0.0
121.62  25.20  23.0 -30.00  -30.00  0.0
121.62  25.20  17.0 -30.00  -30.00  0.0
121.62  25.20  18.0 -30.00  -30.00  0.0
121.62  25.20  19.0 -30.00  -30.00  0.0
121.62  25.20  20.0 -30.00  -30.00  0.0
121.62  25.20  21.0 -30.00  -30.00  0.0
121.62  25.20  22.0 -30.00  -30.00  0.0
121.62  25.20  23.0 -30.00  -30.00  0.0
121.63  25.20  17.0 -30.00  -30.00  0.0
121.63  25.20  18.0 -30.00  -30.00  0.0
121.63  25.20  19.0 -30.00  -30.00  0.0
121.63  25.20  20.0 -30.00  -30.00  0.0
121.63  25.20  21.0 -30.00  -30.00  0.0
121.63  25.20  22.0 -30.00  -30.00  0.0
121.63  25.20  23.0 -30.00  -30.00  0.0
121.63  25.20  17.0 -30.00  -30.00  0.0
121.63  25.20  18.0 -30.00  -30.00  0.0
121.63  25.20  19.0 -30.00  -30.00  0.0
121.63  25.20  20.0 -30.00  -30.00  0.0
121.63  25.20  21.0 -30.00  -30.00  0.0
121.63  25.20  22.0 -30.00  -30.00  0.0
121.63  25.20  23.0 -30.00  -30.00  0.0
121.64  25.20  18.0 -30.00  -30.00  0.0
121.64  25.20  19.0 -30.00  -30.00  0.0
121.64  25.20  20.0 -30.00  -30.00  0.0
121.64  25.20  21.0 -30.00  -30.00  0.0
121.64  25.20  22.0 -30.00  -30.00  0.0
121.64  25.20  18.0 -30.00  -30.00  0.0
121.64  25.20  19.0 -30.00  -30.00  0.0
121.64  25.20  20.0 -30.00  -30.00  0.0
121.64  25.20  21.0 -30.00  -30.00  0.0
121.64  25.20  22.0 -30.00  -30.00  0.0
121.65  25.20  19.0 -30.00  -30.00  0.0
121.65  25.20  20.0 -30.00  -30.00  0.0
121.65  25.20  21.0 -30.00  -30.00  0.0
121.59  25.20  19.0 -30.00  -30.00  0.0
121.59  25.20  20.0 -30.00  -30.00  0.0
121.59  25.20  21.0 -30.00  -30.00  0.0
121.60  25.20  18.0 -30.00  -30.00  0.0
121.60  25.20  19.0 -30.00  -30.00  0.0
121.60  25.20  20.0 -30.00  -30.00  0.0
121.60  25.20  21.0 -30.00  -30.00  0.0
121.60  25.20  22.0 -30.00  -30.00  0.0
121.60  25.20  18.0 -30.00  -30.00  0.0
121.60  25.20  19.0 -30.00  -30.00  0.0
121.60  25.20  20.0 -30.00  -30.00  0.0
121.60  25.20  21.0 -30.00  -30.00  0.0
121.60  25.20  22.0 -30.00  -30.00  0.0
121.61  25.20  17.0 -30.00  -30.00  0.0
121.61  25.20  18.0 -30.00  -30.00  0.0
121.61  25.20  19.0 -30.00  -30.00  0.0
121.61  25.20  20.0 -30.00  -30.00  0.0
121.61  25.20  21.0 -30.00  -30.00  0.0
121.61  25.20  22.0 -30.00  -30.00  0.0
121.61  25.20  23.0 -30.00  -30.00  0.0
121.61  25.20  17.0 -30.00  -30.00  0.0
121.61  25.20  18.0 -30.00  -30.00  0.0
121.61  25.20  19.0 -30.00  -30.00  0.0
121.61  25.20  20.0 -30.00  -30.00  0.0
121.61  25.20  21.0 -30.00  -30.00  0.0
121.61  25.20  22.0 -30.00  -30.00  0.0
121.61  25.20  23.0 -30.00  -30.00  0.0
121.62  25.20  17.0 -30.00  -30.00  0.0
121.62  25.20  18.0 -30.00  -30.00  0.0
121.62  25.20  19.0 -30.00  -30.00  0.0
121.62  25.20  20.0 -30.00  -30.00  0.0
121.62  25.20  21.0 -30.00  -30.00  0.0
121.62  25.20  22.0 -30.00  -30.00  0.0
121.62  25.20  23.0 -30.00  -30.00  0.0
121.62  25.20  17.0 -30.00  -30.00  0.0
121.62  25.20  18.0 -30.00  -30.00  0.0
121.62  25.20  19.0 -30.00  -30.00  0.0
121.62  25.20  20.0 -30.00  -30.00  0.0
121.62  25.20  21.0 -30.00  -30.00  0.0
121.62  25.20  22.0 -30.00  -30.00  0.0
121.62  25.20  23.0 -30.00  -30.00  0.0
121.63  25.20  17.0 -30.00  -30.00  0.0
121.63  25.20  18.0 -30.00  -30.00  0.0
121.63  25.20  19.0 -30.00  -30.00  0.0
121.63  25.20  20.0 -30.00  -30.00  0.0
121.63  25.20  21.0 -30.00  -30.00  0.0
121.63  25.20  22.0 -30.00  -30.00  0.0
121.63  25.20  23.0 -30.00  -30.00  0.0
121.63  25.20  17.0 -30.00  -30.00  0.0
121.63  25.20  18.0 -30.00  -30.00  0.0
121.63  25.20  19.0 -30.00  -30.00  0.0
121.63  25.20  20.0 -30.00  -30.00  0.0
121.63  25.20  21.0 -30.00  -30.00  0.0
121.63  25.20  22.0 -30.00  -30.00  0.0
121.63  25.20  23.0 -30.00  -30.00  0.0
121.64  25.20  18.0 -30.00  -30.00  0.0
121.64  25.20  19.0 -30.00  -30.00  0.0
121.64  25.20  20.0 -30.00  -30.00  0.0
121.64  25.20  21.0 -30.00  -30.00  0.0
121.64  25.20  22.0 -30.00  -30.00  0.0
121.64  25.20  18.0 -30.00  -30.00  0.0
121.64  25.20  19.0 -30.00  -30.00  0.0
121.64  25.20  20.0 -30.00  -30.00  0.0
121.64  25.20  21.0 -30.00  -30.00  0.0
121.64  25.20  22.0 -30.00  -30.00  0.0
121.65  25.20  19.0 -30.00  -30.00  0.0
121.65  25.20  20.0 -30.00  -30.00  0.0
121.65  25.20  21.0 -30.00  -30.00  0.0
121.59  25.21  19.0 -30.00  -30.00  0.0
121.59  25.21  20.0 -30.00  -30.00  0.0
121.59  25.21  21.0 -30.00  -30.00  0.0
121.60  25.21  18.0 -30.00  -30.00  0.0
121.60  25.21  19.0 -30.00  -30.00  0.0
121.60  25.21  20.0 -30.00  -30.00  0.0
121.60  25.21  21.0 -30.00  -30.00  0.0
121.60  25.21  22.0 -30.00  -30.00  0.0
121.60  25.21  18.0 -30.00  -30.00  0.0
121.60  25.21  19.0 -30.00  -30.00  0.0
121.60  25.21  20.0 -30.00  -30.00  0.0
121.60  25.21  21.0 -30.00  -30.00  0.0
121.60  25.21  22.0 -30.00  -30.00  0.0
121.61  25.21  17.0 -30.00  -30.00  0.0
121.61  25.21  18.0 -30.00  -30.00  0.0
121.61  25.21  19.0 -30.00  -30.00  0.0
121.61  25.21  20.0 -30.00  -30.00  0.0
121.61  25.21  21.0 -30.00  -30.00  0.0
121.61  25.21  22.0 -30.00  -30.00  0.0
121.61  25.21  23.0 -30.00  -30.00  0.0
121.61  25.21  17.0 -30.00  -30.00  0.0
121.61  25.21  18.0 -30.00  -30.00  0.0
121.61  25.21  19.0 -30.00  -30.00  0.0
121.61  25.21  20.0 -30.00  -30.00  0.0
121.61  25.21  21.0 -30.00  -30.00  0.0
121.61  25.21  22.0 -30.00  -30.00  0.0
121.61  25.21  23.0 -30.00  -30.00  0.0
121.62  25.21  17.0 -30.00  -30.00  0.0
121.62  25.21  18.0 -30.00  -30.00  0.0
121.62  25.21  19.0 -30.00  -30.00  0.0
121.62  25.21  20.0 -30.00  -30.00  0.0
121.62  25.21  21.0 -30.00  -30.00  0.0
121.62  25.21  22.0 -30.00  -30.00  0.0
121.62  25.21  23.0 -30.00  -30.00  0.0
121.62  25.21  17.0 -30.00  -30.00  0.0
121.62  25.21  18.0 -30.00  -30.00  0.0
121.62  25.21  19.0 -30.00  -30.00  0.0
121.62  25.21  20.0 -30.00  -30.00  0.0
121.62  25.21  21.0 -30.00  -30.00  0.0
121.62  25.21  22.0 -30.00  -30.00  0.0
121.62  25.21  23.0 -30.00  -30.00  0.0
121.63  25.21  17.0 -30.00  -30.00  0.0
121.63  25.21  18.0 -30.00  -30.00  0.0
121.63  25.21  19.0 -30.00  -30.00  0.0
121.63  25.21  20.0 -30.00  -30.00  0.0
121.63  25.21  21.0 -30.00  -30.00  0.0
121.63  25.21  22.0 -30.00  -30.00  0.0
121.63  25.21  23.0 -30.00  -30.00  0.0
121.63  25.21  17.0 -30.00  -30.00  0.0
121.63  25.21  18.0 -30.00  -30.00  0.0
121.63  25.21  19.0 -30.00  -30.00  0.0
121.63  25.21  20.0 -30.00  -30.00  0.0
121.63  25.21  21.0 -30.00  -30.00  0.0
121.63  25.21  22.0 -30.00  -30.00  0.0
121.63  25.21  23.0 -30.00  -30.00  0.0
121.64  25.21  18.0 -30.00  -30.00  0.0
121.64  25.21  19.0 -30.00  -30.00  0.0
121.64  25.21  20.0 -30.00  -30.00  0.0
121.64  25.21  21.0 -30.00  -30.00  0.0
121.64  25.21  22.0 -30.00  -30.00  0.0
121.64  25.21  18.0 -30.00  -30.00  0.0
121.64  25.21  19.0 -30.00  -30.00  0.0
121.64  25.21  20.0 -30.00  -30.00  0.0
121.64  25.21  21.0 -30.00  -30.00  0.0
121.64  25.21  22.0 -30.00  -30.00  0.0
121.65  25.21  19.0 -30.00  -30.00  0.0
121.65  25.21  20.0 -30.00  -30.00  0.0
121.65  25.21  21.0 -30.00  -30.00  0.0
121.59  25.21  19.0 -30.00  -30.00  0.0
121.59  25.21  20.0 -30.00  -30.00  0.0
121.59  25.21  21.0 -30.00  -30.00  0.0
121.60  25.21  18.0 -30.00  -30.00  0.0
121.60  25.21  19.0 -30.00  -30.00  0.0
121.60  25.21  20.0 -30.00  -30.00  0.0
121.60  25.21  21.0 -30.00  -30.00  0.0
121.60  25.21  22.0 -30.00  -30.00  0.0
121.60  25.21  18.0 -30.00  -30.00  0.0
121.60  25.21  19.0 -30.00  -30.00  0.0
121.60  25.21  20.0 -30.00  -30.00  0.0
121.60  25.21  21.0 -30.00  -30.00  0.0
121.60  25.21  22.0 -30.00  -30.00  0.0
121.61  25.21  17.0 -30.00  -30.00  0.0
121.61  25.21  18.0 -30.00  -30.00  0.0
121.61  25.21  19.0 -30.00  -30.00  0.0
121.61  25.21  20.0 -30.00  -30.00  0.0
121.61  25.21  21.0 -30.00  -30.00  0.0
121.61  25.21  22.0 -30.00  -30.00  0.0
121.61  25.21  23.0 -30.00  -30.00  0.0
121.61  25.21  17.0 -30.00  -30.00  0.0
121.61  25.21  18.0 -30.00  -30.00  0.0
121.61  25.21  19.0 -30.00  -30.00  0.0
121.61  25.21  20.0 -30.00  -30.00  0.0
121.61  25.21  21.0 -30.00  -30.00  0.0
121.61  25.21  22.0 -30.00  -30.00  0.0
121.61  25.21  23.0 -30.00  -30.00  0.0
121.62  25.21  17.0 -30.00  -30.00  0.0
121.62  25.21  18.0 -30.00  -30.00  0.0
121.62  25.21  19.0 -30.00  -30.00  0.0
121.62  25.21  20.0 -30.00  -30.00  0.0
121.62  25.21  21.0 -30.00  -30.00  0.0
121.62  25.21  22.0 -30.00  -30.00  0.0
121.62  25.21  23.0 -30.00  -30.00  0.0
121.62  25.21  17.0 -30.00  -30.00  0.0
121.62  25.21  18.0 -30.00  -30.00  0.0
121.62  25.21  19.0 -30.00  -30.00  0.0
121.62  25.21  20.0 -30.00  -30.00  0.0
121.62  25.21  21.0 -30.00  -30.00  0.0
121.62  25.21  22.0 -30.00  -30.00  0.0
121.62  25.21  23.0 -30.00  -30.00  0.0
121.63  25.21  17.0 -30.00  -30.00  0.0
121.63  25.21  18.0 -30.00  -30.00  0.0
121.63  25.21  19.0 -30.00  -30.00  0.0
121.63  25.21  20.0 -30.00  -30.00  0.0
121.63  25.21  21.0 -30.00  -30.00  0.0
121.63  25.21  22.0 -30.00  -30.00  0.0
121.63  25.21  23.0 -30.00  -30.00  0.0
121.63  25.21  17.0 -30.00  -30.00  0.0
121.63  25.21  18.0 -30.00  -30.00  0.0
121.63  25.21  19.0 -30.00  -30.00  0.0
121.63  25.21  20.0 -30.00  -30.00  0.0
121.63  25.21  21.0 -30.00  -30.00  0.0
121.63  25.21  22.0 -30.00  -30.00  0.0
121.63  25.21  23.0 -30.00  -30.00  0.0
121.64  25.21  18.0 -30.00  -30.00  0.0
121.64  25.21  19.0 -30.00  -30.00  0.0
121.64  25.21  20.0 -30.00  -30.00  0.0
121.64  25.21  21.0 -30.00  -30.00  0.0
121.64  25.21  22.0 -30.00  -30.00  0.0
121.64  25.21  18.0 -30.00  -30.00  0.0
121.64  25.21  19.0 -30.00  -30.00  0.0
121.64  25.21  20.0 -30.00  -30.00  0.0
121.64  25.21  21.0 -30.00  -30.00  0.0
121.64  25.21  22.0 -30.00  -30.00  0.0
121.65  25.21  19.0 -30.00  -30.00  0.0
121.65  25.21  20.0 -30.00  -30.00  0.0
121.65  25.21  21.0 -30.00  -30.00  0.0
121.59  25.22  19.0 -30.00  -30.00  0.0
121.59  25.22  20.0 -30.00  -30.00  0.0
121.59  25.22  21.0 -30.00  -30.00  0.0
121.60  25.22  18.0 -30.00  -30.00  0.0
121.60  25.22  19.0 -30.00  -30.00  0.0
121.60  25.22  20.0 -30.00  -30.00  0.0
121.60  25.22  21.0 -30.00  -30.00  0.0
121.60  25.22  22.0 -30.00  -30.00  0.0
121.60  25.22  18.0 -30.00  -30.00  0.0
121.60  25.22  19.0 -30.00  -30.00  0.0
121.60  25.22  20.0 -30.00  -30.00  0.0
121.60  25.22  21.0 -30.00  -30.00  0.0
121.60  25.22  22.0 -30.00  -30.00  0.0
121.61  25.22  18.0 -30.00  -30.00  0.0
121.61  25.22  19.0 -30.00  -30.00  0.0
121.61  25.22  20.0 -30.00  -30.00  0.0
121.61  25.22  21.0 -30.00  -30.00  0.0
121.61  25.22  22.0 -30.00  -30.00  0.0
121.61  25.22  17.0 -30.00  -30.00  0.0
121.61  25.22  18.0 -30.00  -30.00  0.0
121.61  25.22  19.0 -30.00  -30.00  0.0
121.61  25.22  20.0 -30.00  -30.00  0.0
121.61  25.22  21.0 -30.00  -30.00  0.0
121.61  25.22  22.0 -30.00  -30.00  0.0
121.61  25.22  23.0 -30.00  -30.00  0.0
121.62  25.22  17.0 -30.00  -30.00  0.0
121.62  25.22  18.0 -30.00  -30.00  0.0
121.62  25.22  19.0 -30.00  -30.00  0.0
121.62  25.22  20.0 -30.00  -30.00  0.0
121.62  25.22  21.0 -30.00  -30.00  0.0
121.62  25.22  22.0 -30.00  -30.00  0.0
121.62  25.22  23.0 -30.00  -30.00  0.0
121.62  25.22  17.0 -30.00  -30.00  0.0
121.62  25.22  18.0 -30.00  -30.00  0.0
121.62  25.22  19.0 -30.00  -30.00  0.0
121.62  25.22  20.0 -30.00  -30.00  0.0
121.62  25.22  21.0 -30.00  -30.00  0.0
121.62  25.22  22.0 -30.00  -30.00  0.0
121.62  25.22  23.0 -30.00  -30.00  0.0
121.63  25.22  17.0 -30.00  -30.00  0.0
121.63  25.22  18.0 -30.00  -30.00  0.0
121.63  25.22  19.0 -30.00  -30.00  0.0
121.63  25.22  20.0 -30.00  -30.00  0.0
121.63  25.22  21.0 -30.00  -30.00  0.0
121.63  25.22  22.0 -30.00  -30.00  0.0
121.63  25.22  23.0 -30.00  -30.00  0.0
121.63  25.22  17.0 -30.00  -30.00  0.0
121.63  25.22  18.0 -30.00  -30.00  0.0
121.63  25.22  19.0 -30.00  -30.00  0.0
121.63  25.22  20.0 -30.00  -30.00  0.0
121.63  25.22  21.0 -30.00  -30.00  0.0
121.63  25.22  22.0 -30.00  -30.00  0.0
121.63  25.22  23.0 -30.00  -30.00  0.0
121.64  25.22  18.0 -30.00  -30.00  0.0
121.64  25.22  19.0 -30.00  -30.00  0.0
121.64  25.22  20.0 -30.00  -30.00  0.0
121.64  25.22  21.0 -30.00  -30.00  0.0
121.64  25.22  22.0 -30.00  -30.00  0.0
121.64  25.22  18.0 -30.00  -30.00  0.0
121.64  25.22  19.0 -30.00  -30.00  0.0
121.64  25.22  20.0 -30.00  -30.00  0.0
121.64  25.22  21.0 -30.00  -30.00  0.0
121.64  25.22  22.0 -30.00  -30.00  0.0
121.65  25.22  19.0 -30.00  -30.00  0.0
121.65  25.22  20.0 -30.00  -30.00  0.0
121.65  25.22  21.0 -30.00  -30.00  0.0
121.60  25.22  19.0 -30.00  -30.00  0.0
121.60  25.22  20.0 -30.00  -30.00  0.0
121.60  25.22  21.0 -30.00  -30.00  0.0
121.60  25.22  18.0 -30.00  -30.00  0.0
121.60  25.22  19.0 -30.00  -30.00  0.0
121.60  25.22  20.0 -30.00  -30.00  0.0
121.60  25.22  21.0 -30.00  -30.00  0.0
121.60  25.22  22.0 -30.00  -30.00  0.0
121.61  25.22  18.0 -30.00  -30.00  0.0
121.61  25.22  19.0 -30.00  -30.00  0.0
121.61  25.22  20.0 -30.00  -30.00  0.0
121.61  25.22  21.0 -30.00  -30.00  0.0
121.61  25.22  22.0 -30.00  -30.00  0.0
121.61  25.22  18.0 -30.00  -30.00  0.0
121.61  25.22  19.0 -30.00  -30.00  0.0
121.61  25.22  20.0 -30.00  -30.00  0.0
121.61  25.22  21.0 -30.00  -30.00  0.0
121.61  25.22  22.0 -30.00  -30.00  0.0
121.62  25.22  17.0 -30.00  -30.00  0.0
121.62  25.22  18.0 -30.00  -30.00  0.0
121.62  25.22  19.0 -30.00  -30.00  0.0
121.62  25.22  20.0 -30.00  -30.00  0.0
121.62  25.22  21.0 -30.00  -30.00  0.0
121.62  25.22  22.0 -30.00  -30.00  0.0
121.62  25.22  23.0 -30.00  -30.00  0.0
121.62  25.22  17.0 -30.00  -30.00  0.0
121.62  25.22  18.0 -30.00  -30.00  0.0
121.62  25.22  19.0 -30.00  -30.00  0.0
121.62  25.22  20.0 -30.00  -30.00  0.0
121.62  25.22  21.0 -30.00  -30.00  0.0
121.62  25.22  22.0 -30.00  -30.00  0.0
121.62  25.22  23.0 -30.00  -30.00  0.0
121.63  25.22  18.0 -30.00  -30.00  0.0
121.63  25.22  19.0 -30.00  -30.00  0.0
121.63  25.22  20.0 -30.00  -30.00  0.0
121.63  25.22  21.0 -30.00  -30.00  0.0
121.63  25.22  22.0 -30.00  -30.00  0.0
121.63  25.22  18.0 -30.00  -30.00  0.0
121.63  25.22  19.0 -30.00  -30.00  0.0
121.63  25.22  20.0 -30.00  -30.00  0.0
121.63  25.22  21.0 -30.00  -30.00  0.0
121.63  25.22  22.0 -30.00  -30.00  0.0
121.64  25.22  18.0 -30.00  -30.00  0.0
121.64  25.22  19.0 -30.00  -30.00  0.0
121.64  25.22  20.0 -30.00  -30.00  0.0
121.64  25.22  21.0 -30.00  -30.00  0.0
121.64  25.22  22.0 -30.00  -30.00  0.0
121.64  25.22  19.0 -30.00  -30.00  0.0
121.64  25.22  20.0 -30.00  -30.00  0.0
121.64  25.22  21.0 -30.00  -30.00  0.0
121.65  25.22  20.0 -30.00  -30.00  0.0
121.60  25.23  20.0 -30.00  -30.00  0.0
121.60  25.23  19.0 -30.00  -30.00  0.0
121.60  25.23  20.0 -30.00  -30.00  0.0
121.60  25.23  21.0 -30.00  -30.00  0.0
121.61  25.23  18.0 -30.00  -30.00  0.0
121.61  25.23  19.0 -30.00  -30.00  0.0
121.61  25.23  20.0 -30.00  -30.00  0.0
121.61  25.23  21.0 -30.00  -30.00  0.0
121.61  25.23  22.0 -30.00  -30.00  0.0
121.61  25.23  18.0 -30.00  -30.00  0.0
121.61  25.23  19.0 -30.00  -30.00  0.0
121.61  25.23  20.0 -30.00  -30.00  0.0
121.61  25.23  21.0 -30.00  -30.00  0.0
121.61  25.23  22.0 -30.00  -30.00  0.0
121.62  25.23  18.0 -30.00  -30.00  0.0
121.62  25.23  19.0 -30.00  -30.00  0.0
121.62  25.23  20.0 -30.00  -30.00  0.0
121.62  25.23  21.0 -30.00  -30.00  0.0
121.62  25.23  22.0 -30.00  -30.00  0.0
121.62  25.23  18.0 -30.00  -30.00  0.0
121.62  25.23  19.0 -30.00  -30.00  0.0
121.62  25.23  20.0 -30.00  -30.00  0.0
121.62  25.23  21.0 -30.00  -30.00  0.0
121.62  25.23  22.0 -30.00  -30.00  0.0
121.63  25.23  18.0 -30.00  -30.00  0.0
121.63  25.23  19.0 -30.00  -30.00  0.0
121.63  25.23  20.0 -30.00  -30.00  0.0
121.63  25.23  21.0 -30.00  -30.00  0.0
121.63  25.23  22.0 -30.00  -30.00  0.0
121.63  25.23  18.0 -30.00  -30.00  0.0
121.63  25.23  19.0 -30.00  -30.00  0.0
121.63  25.23  20.0 -30.00  -30.00  0.0
121.63  25.23  21.0 -30.00  -30.00  0.0
121.63  25.23  22.0 -30.00  -30.00  0.0
121.64  25.23  19.0 -30.00  -30.00  0.0
121.64  25.23  20.0 -30.00  -30.00  0.0
121.64  25.23  21.0 -30.00  -30.00  0.0
121.64  25.23  19.0 -30.00  -30.00  0.0
121.64  25.23  20.0 -30.00  -30.00  0.0
121.64  25.23  21.0 -30.00  -30.00  0.0
121.60  25.23  20.0 -30.00  -30.00  0.0
121.61  25.23  19.0 -30.00  -30.00  0.0
121.61  25.23  20.0 -30.00  -30.00  0.0
121.61  25.23  21.0 -30.00  -30.00  0.0
121.61  25.23  19.0 -30.00  -30.00  0.0
121.61  25.23  20.0 -30.00  -30.00  0.0
121.61  25.23  21.0 -30.00  -30.00  0.0
121.62  25.23  18.0 -30.00  -30.00  0.0
121.62  25.23  19.0 -30.00  -30.00  0.0
121.62  25.23  20.0 -30.00  -30.00  0.0
121.62  25.23  21.0 -30.00  -30.00  0.0
121.62  25.23  22.0 -30.00  -30.00  0.0
121.62  25.23  18.0 -30.00  -30.00  0.0
121.62  25.23  19.0 -30.00  -30.00  0.0
121.62  25.23  20.0 -30.00  -30.00  0.0
121.62  25.23  21.0 -30.00  -30.00  0.0
121.62  25.23  22.0 -30.00  -30.00  0.0
121.63  25.23  19.0 -30.00  -30.00  0.0
121.63  25.23  20.0 -30.00  -30.00  0.0
121.63  25.23  21.0 -30.00  -30.00  0.0
121.63  25.23  19.0 -30.00  -30.00  0.0
121.63  25.23  20.0 -30.00  -30.00  0.0
121.63  25.23  21.0 -30.00  -30.00  0.0
121.64  25.23  20.0 -30.00  -30.00  0.0
121.61  25.24  20.0 -30.00  -30.00  0.0
121.62  25.24  19.0 -30.00  -30.00  0.0
121.62  25.24  20.0 -30.00  -30.00  0.0
121.62  25.24  21.0 -30.00  -30.00  0.0
121.62  25.24  19.0 -30.00  -30.00  0.0
121.62  25.24  20.0 -30.00  -30.00  0.0
121.62  25.24  21.0 -30.00  -30.00  0.0
121.63  25.24  20.0 -30.00  -30.00  0.0
