121.62  25.16  20.0 -30.00  -100.00  0.0
121.60  25.17  19.0 -30.00  -100.00  0.0
121.60  25.17  20.0 -30.00  -100.00  0.0
121.60  25.17  21.0 -30.00  -100.00  0.0
121.61  25.17  19.0 -30.00  -100.00  0.0
121.61  25.17  20.0 -30.00  -100.00  0.0
121.61  25.17  21.0 -30.00  -100.00  0.0
121.61  25.17  18.0 -30.00  -100.00  0.0
121.61  25.17  19.0 -30.00  -100.00  0.0
121.61  25.17  20.0 -30.00  -100.00  0.0
121.61  25.17  21.0 -30.00  -100.00  0.0
121.61  25.17  22.0 -30.00  -100.00  0.0
121.62  25.17  18.0 -30.00  -100.00  0.0
121.62  25.17  19.0 -30.00  -100.00  0.0
121.62  25.17  20.0 -30.00  -100.00  0.0
121.62  25.17  21.0 -30.00  -100.00  0.0
121.62  25.17  22.0 -30.00  -100.00  0.0
121.62  25.17  18.0 -30.00  -100.00  0.0
121.62  25.17  19.0 -30.00  -100.00  0.0
121.62  25.17  20.0 -30.00  -100.00  0.0
121.62  25.17  21.0 -30.00  -100.00  0.0
121.62  25.17  22.0 -30.00  -100.00  0.0
121.63  25.17  18.0 -30.00  -100.00  0.0
121.63  25.17  19.0 -30.00  -100.00  0.0
121.63  25.17  20.0 -30.00  -100.00  0.0
121.63  25.17  21.0 -30.00  -100.00  0.0
121.63  25.17  22.0 -30.00  -100.00  0.0
121.63  25.17  19.0 -30.00  -100.00  0.0
121.63  25.17  20.0 -30.00  -100.00  0.0
121.63  25.17  21.0 -30.00  -100.00  0.0
121.64  25.17  19.0 -30.00  -100.00  0.0
121.64  25.17  20.0 -30.00  -100.00  0.0
121.64  25.17  21.0 -30.00  -100.00  0.0
121.59  25.17  20.0 -30.00  -100.00  0.0
121.60  25.17  19.0 -30.00  -100.00  0.0
121.60  25.17  20.0 -30.00  -100.00  0.0
121.60  25.17  21.0 -30.00  -100.00  0.0
121.60  25.17  18.0 -30.00  -100.00  0.0
121.60  25.17  19.0 -30.00  -100.00  0.0
121.60  25.17  20.0 -30.00  -100.00  0.0
121.60  25.17  21.0 -30.00  -100.00  0.0
121.60  25.17  22.0 -30.00  -100.00  0.0
121.61  25.17  18.0 -30.00  -100.00  0.0
121.61  25.17  19.0 -30.00  -100.00  0.0
121.61  25.17  20.0 -30.00  -100.00  0.0
121.61  25.17  21.0 -30.00  -100.00  0.0
121.61  25.17  22.0 -30.00  -100.00  0.0
121.61  25.17  17.0 -30.00  -100.00  0.0
121.61  25.17  18.0 -30.00  -100.00  0.0
121.61  25.17  19.0 -30.00  -100.00  0.0
121.61  25.17  20.0 -30.00  -100.00  0.0
121.61  25.17  21.0 -30.00  -100.00  0.0
121.61  25.17  22.0 -30.00  -100.00  0.0
121.61  25.17  23.0 -30.00  -100.00  0.0
121.62  25.17  17.0 -30.00  -100.00  0.0
121.62  25.17  18.0 -30.00  -100.00  0.0
121.62  25.17  19.0 -30.00  -100.00  0.0
121.62  25.17  20.0 -30.00  -100.00  0.0
121.62  25.17  21.0 -30.00  -100.00  0.0
121.62  25.17  22.0 -30.00  -100.00  0.0
121.62  25.17  23.0 -30.00  -100.00  0.0
121.62  25.17  17.0 -30.00  -100.00  0.0
121.62  25.17  18.0 -30.00  -100.00  0.0
121.62  25.17  19.0 -30.00  -100.00  0.0
121.62  25.17  20.0 -30.00  -100.00  0.0
121.62  25.17  21.0 -30.00  -100.00  0.0
121.62  25.17  22.0 -30.00  -100.00  0.0
121.62  25.17  23.0 -30.00  -100.00  0.0
121.63  25.17  17.0 -30.00  -100.00  0.0
121.63  25.17  18.0 -30.00  -100.00  0.0
121.63  25.17  19.0 -30.00  -100.00  0.0
121.63  25.17  20.0 -30.00  -100.00  0.0
121.63  25.17  21.0 -30.00  -100.00  0.0
121.63  25.17  22.0 -30.00  -100.00  0.0
121.63  25.17  23.0 -30.00  -100.00  0.0
121.63  25.17  18.0 -30.00  -100.00  0.0
121.63  25.17  19.0 -30.00  -100.00  0.0
121.63  25.17  20.0 -30.00  -100.00  0.0
121.63  25.17  21.0 -30.00  -100.00  0.0
121.63  25.17  22.0 -30.00  -100.00  0.0
121.64  25.17  18.0 -30.00  -100.00  0.0
121.64  25.17  19.0 -30.00  -100.00  0.0
121.64  25.17  20.0 -30.00  -100.00  0.0
121.64  25.17  21.0 -30.00  -100.00  0.0
121.64  25.17  22.0 -30.00  -100.00  0.0
121.64  25.17  19.0 -30.00  -100.00  0.0
121.64  25.17  20.0 -30.00  -100.00  0.0
121.64  25.17  21.0 -30.00  -100.00  0.0
121.65  25.17  20.0 -30.00  -100.00  0.0
121.59  25.18  20.0 -30.00  -100.00  0.0
121.59  25.18  18.0 -30.00  -100.00  0.0
121.59  25.18  19.0 -30.00  -100.00  0.0
121.59  25.18  20.0 -30.00  -100.00  0.0
121.59  25.18  21.0 -30.00  -100.00  0.0
121.59  25.18  22.0 -30.00  -100.00  0.0
121.60  25.18  18.0 -30.00  -100.00  0.0
121.60  25.18  19.0 -30.00  -100.00  0.0
121.60  25.18  20.0 -30.00  -100.00  0.0
121.60  25.18  21.0 -30.00  -100.00  0.0
121.60  25.18  22.0 -30.00  -100.00  0.0
121.60  25.18  17.0 -30.00  -100.00  0.0
121.60  25.18  18.0 -30.00  -100.00  0.0
121.60  25.18  19.0 -30.00  -100.00  0.0
121.60  25.18  20.0 -30.00  -100.00  0.0
121.60  25.18  21.0 -30.00  -100.00  0.0
121.60  25.18  22.0 -30.00  -100.00  0.0
121.60  25.18  23.0 -30.00  -100.00  0.0
121.61  25.18  17.0 -30.00  -100.00  0.0
121.61  25.18  18.0 -30.00  -100.00  0.0
121.61  25.18  19.0 -30.00  -100.00  0.0
121.61  25.18  20.0 -30.00  -100.00  0.0
121.61  25.18  21.0 -30.00  -100.00  0.0
121.61  25.18  22.0 -30.00  -100.00  0.0
121.61  25.18  23.0 -30.00  -100.00  0.0
121.61  25.18  17.0 -30.00  -100.00  0.0
121.61  25.18  18.0 -30.00  -100.00  0.0
121.61  25.18  19.0 -30.00  -100.00  0.0
121.61  25.18  20.0 -30.00  -100.00  0.0
121.61  25.18  21.0 -30.00  -100.00  0.0
121.61  25.18  22.0 -30.00  -100.00  0.0
121.61  25.18  23.0 -30.00  -100.00  0.0
121.62  25.18  17.0 -30.00  -100.00  0.0
121.62  25.18  18.0 -30.00  -100.00  0.0
121.62  25.18  19.0 -30.00  -100.00  0.0
121.62  25.18  20.0 -30.00  -100.00  0.0
121.62  25.18  21.0 -30.00  -100.00  0.0
121.62  25.18  22.0 -30.00  -100.00  0.0
121.62  25.18  23.0 -30.00  -100.00  0.0
121.62  25.18  17.0 -30.00  -100.00  0.0
121.62  25.18  18.0 -30.00  -100.00  0.0
121.62  25.18  19.0 -30.00  -100.00  0.0
121.62  25.18  20.0 -30.00  -100.00  0.0
121.62  25.18  21.0 -30.00  -100.00  0.0
121.62  25.18  22.0 -30.00  -100.00  0.0
121.62  25.18  23.0 -30.00  -100.00  0.0
121.63  25.18  17.0 -30.00  -100.00  0.0
121.63  25.18  18.0 -30.00  -100.00  0.0
121.63  25.18  19.0 -30.00  -100.00  0.0
121.63  25.18  20.0 -30.00  -100.00  0.0
121.63  25.18  21.0 -30.00  -100.00  0.0
121.63  25.18  22.0 -30.00  -100.00  0.0
121.63  25.18  23.0 -30.00  -100.00  0.0
121.63  25.18  17.0 -30.00  -100.00  0.0
121.63  25.18  18.0 -30.00  -100.00  0.0
121.63  25.18  19.0 -30.00  -100.00  0.0
121.63  25.18  20.0 -30.00  -100.00  0.0
121.63  25.18  21.0 -30.00  -100.00  0.0
121.63  25.18  22.0 -30.00  -100.00  0.0
121.63  25.18  23.0 -30.00  -100.00  0.0
121.64  25.18  17.0 -30.00  -100.00  0.0
121.64  25.18  18.0 -30.00  -100.00  0.0
121.64  25.18  19.0 -30.00  -100.00  0.0
121.64  25.18  20.0 -30.00  -100.00  0.0
121.64  25.18  21.0 -30.00  -100.00  0.0
121.64  25.18  22.0 -30.00  -100.00  0.0
121.64  25.18  23.0 -30.00  -100.00  0.0
121.64  25.18  18.0 -30.00  -100.00  0.0
121.64  25.18  19.0 -30.00  -100.00  0.0
121.64  25.18  20.0 -30.00  -100.00  0.0
121.64  25.18  21.0 -30.00  -100.00  0.0
121.64  25.18  22.0 -30.00  -100.00  0.0
121.65  25.18  18.0 -30.00  -100.00  0.0
121.65  25.18  19.0 -30.00  -100.00  0.0
121.65  25.18  20.0 -30.00  -100.00  0.0
121.65  25.18  21.0 -30.00  -100.00  0.0
121.65  25.18  22.0 -30.00  -100.00  0.0
121.65  25.18  19.0 -30.00  -100.00  0.0
121.65  25.18  20.0 -30.00  -100.00  0.0
121.65  25.18  21.0 -30.00  -100.00  0.0
121.59  25.18  19.0 -30.00  -100.00  0.0
121.59  25.18  20.0 -30.00  -100.00  0.0
121.59  25.18  21.0 -30.00  -100.00  0.0
121.59  25.18  18.0 -30.00  -100.00  0.0
121.59  25.18  19.0 -30.00  -100.00  0.0
121.59  25.18  20.0 -30.00  -100.00  0.0
121.59  25.18  21.0 -30.00  -100.00  0.0
121.59  25.18  22.0 -30.00  -100.00  0.0
121.60  25.18  17.0 -30.00  -100.00  0.0
121.60  25.18  18.0 -30.00  -100.00  0.0
121.60  25.18  19.0 -30.00  -100.00  0.0
121.60  25.18  20.0 -30.00  -100.00  0.0
121.60  25.18  21.0 -30.00  -100.00  0.0
121.60  25.18  22.0 -30.00  -100.00  0.0
121.60  25.18  23.0 -30.00  -100.00  0.0
121.60  25.18  17.0 -30.00  -100.00  0.0
121.60  25.18  18.0 -30.00  -100.00  0.0
121.60  25.18  19.0 -30.00  -100.00  0.0
121.60  25.18  20.0 -30.00  -100.00  0.0
121.60  25.18  21.0 -30.00  -100.00  0.0
121.60  25.18  22.0 -30.00  -100.00  0.0
121.60  25.18  23.0 -30.00  -100.00  0.0
121.61  25.18  17.0 -30.00  -100.00  0.0
121.61  25.18  18.0 -30.00  -100.00  0.0
121.61  25.18  19.0 -30.00  -100.00  0.0
121.61  25.18  20.0 -30.00  -100.00  0.0
121.61  25.18  21.0 -30.00  -100.00  0.0
121.61  25.18  22.0 -30.00  -100.00  0.0
121.61  25.18  23.0 -30.00  -100.00  0.0
121.61  25.18  16.0 -30.00  -100.00  0.0
121.61  25.18  17.0 -30.00  -100.00  0.0
121.61  25.18  18.0 -30.00  -100.00  0.0
121.61  25.18  19.0 -30.00  -100.00  0.0
121.61  25.18  20.0 -30.00  -100.00  0.0
121.61  25.18  21.0 -30.00  -100.00  0.0
121.61  25.18  22.0 -30.00  -100.00  0.0
121.61  25.18  23.0 -30.00  -100.00  0.0
121.61  25.18  24.0 -30.00  -100.00  0.0
121.62  25.18  16.0 -30.00  -100.00  0.0
121.62  25.18  17.0 -30.00  -100.00  0.0
121.62  25.18  18.0 -30.00  -100.00  0.0
121.62  25.18  19.0 -30.00  -100.00  0.0
121.62  25.18  20.0 -30.00  -100.00  0.0
121.62  25.18  21.0 -30.00  -100.00  0.0
121.62  25.18  22.0 -30.00  -100.00  0.0
121.62  25.18  23.0 -30.00  -100.00  0.0
121.62  25.18  24.0 -30.00  -100.00  0.0
121.62  25.18  16.0 -30.00  -100.00  0.0
121.62  25.18  17.0 -30.00  -100.00  0.0
121.62  25.18  18.0 -30.00  -100.00  0.0
121.62  25.18  19.0 -30.00  -100.00  0.0
121.62  25.18  20.0 -30.00  -100.00  0.0
121.62  25.18  21.0 -30.00  -100.00  0.0
121.62  25.18  22.0 -30.00  -100.00  0.0
121.62  25.18  23.0 -30.00  -100.00  0.0
121.62  25.18  24.0 -30.00  -100.00  0.0
121.63  25.18  16.0 -30.00  -100.00  0.0
121.63  25.18  17.0 -30.00  -100.00  0.0
121.63  25.18  18.0 -30.00  -100.00  0.0
121.63  25.18  19.0 -30.00  -100.00  0.0
121.63  25.18  20.0 -30.00  -100.00  0.0
121.63  25.18  21.0 -30.00  -100.00  0.0
121.63  25.18  22.0 -30.00  -100.00  0.0
121.63  25.18  23.0 -30.00  -100.00  0.0
121.63  25.18  24.0 -30.00  -100.00  0.0
121.63  25.18  17.0 -30.00  -100.00  0.0
121.63  25.18  18.0 -30.00  -100.00  0.0
121.63  25.18  19.0 -30.00  -100.00  0.0
121.63  25.18  20.0 -30.00  -100.00  0.0
121.63  25.18  21.0 -30.00  -100.00  0.0
121.63  25.18  22.0 -30.00  -100.00  0.0
121.63  25.18  23.0 -30.00  -100.00  0.0
121.64  25.18  17.0 -30.00  -100.00  0.0
121.64  25.18  18.0 -30.00  -100.00  0.0
121.64  25.18  19.0 -30.00  -100.00  0.0
121.64  25.18  20.0 -30.00  -100.00  0.0
121.64  25.18  21.0 -30.00  -100.00  0.0
121.64  25.18  22.0 -30.00  -100.00  0.0
121.64  25.18  23.0 -30.00  -100.00  0.0
121.64  25.18  17.0 -30.00  -100.00  0.0
121.64  25.18  18.0 -30.00  -100.00  0.0
121.64  25.18  19.0 -30.00  -100.00  0.0
121.64  25.18  20.0 -30.00  -100.00  0.0
121.64  25.18  21.0 -30.00  -100.00  0.0
121.64  25.18  22.0 -30.00  -100.00  0.0
121.64  25.18  23.0 -30.00  -100.00  0.0
121.65  25.18  18.0 -30.00  -100.00  0.0
121.65  25.18  19.0 -30.00  -100.00  0.0
121.65  25.18  20.0 -30.00  -100.00  0.0
121.65  25.18  21.0 -30.00  -100.00  0.0
121.65  25.18  22.0 -30.00  -100.00  0.0
121.65  25.18  18.0 -30.00  -100.00  0.0
121.65  25.18  19.0 -30.00  -100.00  0.0
121.65  25.18  20.0 -30.00  -100.00  0.0
121.65  25.18  21.0 -30.00  -100.00  0.0
121.65  25.18  22.0 -30.00  -100.00  0.0
121.66  25.18  20.0 -30.00  -100.00  0.0
121.58  25.19  19.0 -30.00  -100.00  0.0
121.58  25.19  20.0 -30.00  -100.00  0.0
121.58  25.19  21.0 -30.00  -100.00  0.0
121.59  25.19  18.0 -30.00  -100.00  0.0
121.59  25.19  19.0 -30.00  -100.00  0.0
121.59  25.19  20.0 -30.00  -100.00  0.0
121.59  25.19  21.0 -30.00  -100.00  0.0
121.59  25.19  22.0 -30.00  -100.00  0.0
121.59  25.19  17.0 -30.00  -100.00  0.0
121.59  25.19  18.0 -30.00  -100.00  0.0
121.59  25.19  19.0 -30.00  -100.00  0.0
121.59  25.19  20.0 -30.00  -100.00  0.0
121.59  25.19  21.0 -30.00  -100.00  0.0
121.59  25.19  22.0 -30.00  -100.00  0.0
121.59  25.19  23.0 -30.00  -100.00  0.0
121.60  25.19  17.0 -30.00  -100.00  0.0
121.60  25.19  18.0 -30.00  -100.00  0.0
121.60  25.19  19.0 -30.00  -100.00  0.0
121.60  25.19  20.0 -30.00  -100.00  0.0
121.60  25.19  21.0 -30.00  -100.00  0.0
121.60  25.19  22.0 -30.00  -100.00  0.0
121.60  25.19  23.0 -30.00  -100.00  0.0
121.60  25.19  16.0 -30.00  -100.00  0.0
121.60  25.19  17.0 -30.00  -100.00  0.0
121.60  25.19  18.0 -30.00  -100.00  0.0
121.60  25.19  19.0 -30.00  -100.00  0.0
121.60  25.19  20.0 -30.00  -100.00  0.0
121.60  25.19  21.0 -30.00  -100.00  0.0
121.60  25.19  22.0 -30.00  -100.00  0.0
121.60  25.19  23.0 -30.00  -100.00  0.0
121.60  25.19  24.0 -30.00  -100.00  0.0
121.61  25.19  16.0 -30.00  -100.00  0.0
121.61  25.19  17.0 -30.00  -100.00  0.0
121.61  25.19  18.0 -30.00  -100.00  0.0
121.61  25.19  19.0 -30.00  -100.00  0.0
121.61  25.19  20.0 -30.00  -100.00  0.0
121.61  25.19  21.0 -30.00  -100.00  0.0
121.61  25.19  22.0 -30.00  -100.00  0.0
121.61  25.19  23.0 -30.00  -100.00  0.0
121.61  25.19  24.0 -30.00  -100.00  0.0
121.61  25.19  16.0 -30.00  -100.00  0.0
121.61  25.19  17.0 -30.00  -100.00  0.0
121.61  25.19  18.0 -30.00  -100.00  0.0
121.61  25.19  19.0 -30.00  -100.00  0.0
121.61  25.19  20.0 -30.00  -100.00  0.0
121.61  25.19  21.0 -30.00  -100.00  0.0
121.61  25.19  22.0 -30.00  -100.00  0.0
121.61  25.19  23.0 -30.00  -100.00  0.0
121.61  25.19  24.0 -30.00  -100.00  0.0
121.62  25.19  16.0 -30.00  -100.00  0.0
121.62  25.19  17.0 -30.00  -100.00  0.0
121.62  25.19  18.0 -30.00  -100.00  0.0
121.62  25.19  19.0 -30.00  -100.00  0.0
121.62  25.19  20.0 -30.00  -100.00  0.0
121.62  25.19  21.0 -30.00  -100.00  0.0
121.62  25.19  22.0 -30.00  -100.00  0.0
121.62  25.19  23.0 -30.00  -100.00  0.0
121.62  25.19  24.0 -30.00  -100.00  0.0
121.62  25.19  16.0 -30.00  -100.00  0.0
121.62  25.19  17.0 -30.00  -100.00  0.0
121.62  25.19  18.0 -30.00  -100.00  0.0
121.62  25.19  19.0 -30.00  -100.00  0.0
121.62  25.19  20.0 -30.00  -100.00  0.0
121.62  25.19  21.0 -30.00  -100.00  0.0
121.62  25.19  22.0 -30.00  -100.00  0.0
121.62  25.19  23.0 -30.00  -100.00  0.0
121.62  25.19  24.0 -30.00  -100.00  0.0
121.63  25.19  16.0 -30.00  -100.00  0.0
121.63  25.19  17.0 -30.00  -100.00  0.0
121.63  25.19  18.0 -30.00  -100.00  0.0
121.63  25.19  19.0 -30.00  -100.00  0.0
121.63  25.19  20.0 -30.00  -100.00  0.0
121.63  25.19  21.0 -30.00  -100.00  0.0
121.63  25.19  22.0 -30.00  -100.00  0.0
121.63  25.19  23.0 -30.00  -100.00  0.0
121.63  25.19  24.0 -30.00  -100.00  0.0
121.63  25.19  16.0 -30.00  -100.00  0.0
121.63  25.19  17.0 -30.00  -100.00  0.0
121.63  25.19  18.0 -30.00  -100.00  0.0
121.63  25.19  19.0 -30.00  -100.00  0.0
121.63  25.19  20.0 -30.00  -100.00  0.0
121.63  25.19  21.0 -30.00  -100.00  0.0
121.63  25.19  22.0 -30.00  -100.00  0.0
121.63  25.19  23.0 -30.00  -100.00  0.0
121.63  25.19  24.0 -30.00  -100.00  0.0
121.64  25.19  16.0 -30.00  -100.00  0.0
121.64  25.19  17.0 -30.00  -100.00  0.0
121.64  25.19  18.0 -30.00  -100.00  0.0
121.64  25.19  19.0 -30.00  -100.00  0.0
121.64  25.19  20.0 -30.00  -100.00  0.0
121.64  25.19  21.0 -30.00  -100.00  0.0
121.64  25.19  22.0 -30.00  -100.00  0.0
121.64  25.19  23.0 -30.00  -100.00  0.0
121.64  25.19  24.0 -30.00  -100.00  0.0
121.64  25.19  17.0 -30.00  -100.00  0.0
121.64  25.19  18.0 -30.00  -100.00  0.0
121.64  25.19  19.0 -30.00  -100.00  0.0
121.64  25.19  20.0 -30.00  -100.00  0.0
121.64  25.19  21.0 -30.00  -100.00  0.0
121.64  25.19  22.0 -30.00  -100.00  0.0
121.64  25.19  23.0 -30.00  -100.00  0.0
121.65  25.19  17.0 -30.00  -100.00  0.0
121.65  25.19  18.0 -30.00  -100.00  0.0
121.65  25.19  19.0 -30.00  -100.00  0.0
121.65  25.19  20.0 -30.00  -100.00  0.0
121.65  25.19  21.0 -30.00  -100.00  0.0
121.65  25.19  22.0 -30.00  -100.00  0.0
121.65  25.19  23.0 -30.00  -100.00  0.0
121.65  25.19  18.0 -30.00  -100.00  0.0
121.65  25.19  19.0 -30.00  -100.00  0.0
121.65  25.19  20.0 -30.00  -100.00  0.0
121.65  25.19  21.0 -30.00  -100.00  0.0
121.65  25.19  22.0 -30.00  -100.00  0.0
121.66  25.19  19.0 -30.00  -100.00  0.0
121.66  25.19  20.0 -30.00  -100.00  0.0
121.66  25.19  21.0 -30.00  -100.00  0.0
121.58  25.19  18.0 -30.00  -100.00  0.0
121.58  25.19  19.0 -30.00  -100.00  0.0
121.58  25.19  20.0 -30.00  -100.00  0.0
121.58  25.19  21.0 -30.00  -100.00  0.0
121.58  25.19  22.0 -30.00  -100.00  0.0
121.59  25.19  18.0 -30.00  -100.00  0.0
121.59  25.19  19.0 -30.00  -100.00  0.0
121.59  25.19  20.0 -30.00  -100.00  0.0
121.59  25.19  21.0 -30.00  -100.00  0.0
121.59  25.19  22.0 -30.00  -100.00  0.0
121.59  25.19  17.0 -30.00  -100.00  0.0
121.59  25.19  18.0 -30.00  -100.00  0.0
121.59  25.19  19.0 -30.00  -100.00  0.0
121.59  25.19  20.0 -30.00  -100.00  0.0
121.59  25.19  21.0 -30.00  -100.00  0.0
121.59  25.19  22.0 -30.00  -100.00  0.0
121.59  25.19  23.0 -30.00  -100.00  0.0
121.60  25.19  17.0 -30.00  -100.00  0.0
121.60  25.19  18.0 -30.00  -100.00  0.0
121.60  25.19  19.0 -30.00  -100.00  0.0
121.60  25.19  20.0 -30.00  -100.00  0.0
121.60  25.19  21.0 -30.00  -100.00  0.0
121.60  25.19  22.0 -30.00  -100.00  0.0
121.60  25.19  23.0 -30.00  -100.00  0.0
121.60  25.19  16.0 -30.00  -100.00  0.0
121.60  25.19  17.0 -30.00  -100.00  0.0
121.60  25.19  18.0 -30.00  -100.00  0.0
121.60  25.19  19.0 -30.00  -100.00  0.0
121.60  25.19  20.0 -30.00  -100.00  0.0
121.60  25.19  21.0 -30.00  -100.00  0.0
121.60  25.19  22.0 -30.00  -100.00  0.0
121.60  25.19  23.0 -30.00  -100.00  0.0
121.60  25.19  24.0 -30.00  -100.00  0.0
121.61  25.19  16.0 -30.00  -100.00  0.0
121.61  25.19  17.0 -30.00  -100.00  0.0
121.61  25.19  18.0 -30.00  -100.00  0.0
121.61  25.19  19.0 -30.00  -100.00  0.0
121.61  25.19  20.0 -30.00  -100.00  0.0
121.61  25.19  21.0 -30.00  -100.00  0.0
121.61  25.19  22.0 -30.00  -100.00  0.0
121.61  25.19  23.0 -30.00  -100.00  0.0
121.61  25.19  24.0 -30.00  -100.00  0.0
121.61  25.19  16.0 -30.00  -100.00  0.0
121.61  25.19  17.0 -30.00  -100.00  0.0
121.61  25.19  18.0 -30.00  -100.00  0.0
121.61  25.19  19.0 -30.00  -100.00  0.0
121.61  25.19  20.0 -30.00  -100.00  0.0
121.61  25.19  21.0 -30.00  -100.00  0.0
121.61  25.19  22.0 -30.00  -100.00  0.0
121.61  25.19  23.0 -30.00  -100.00  0.0
121.61  25.19  24.0 -30.00  -100.00  0.0
121.62  25.19  16.0 -30.00  -100.00  0.0
121.62  25.19  17.0 -30.00  -100.00  0.0
121.62  25.19  18.0 -30.00  -100.00  0.0
121.62  25.19  19.0 -30.00  -100.00  0.0
121.62  25.19  20.0 -30.00  -100.00  0.0
121.62  25.19  21.0 -30.00  -100.00  0.0
121.62  25.19  22.0 -30.00  -100.00  0.0
121.62  25.19  23.0 -30.00  -100.00  0.0
121.62  25.19  24.0 -30.00  -100.00  0.0
121.62  25.19  16.0 -30.00  -100.00  0.0
121.62  25.19  17.0 -30.00  -100.00  0.0
121.62  25.19  18.0 -30.00  -100.00  0.0
121.62  25.19  19.0 -30.00  -100.00  0.0
121.62  25.19  20.0 -30.00  -100.00  0.0
121.62  25.19  21.0 -30.00  -100.00  0.0
121.62  25.19  22.0 -30.00  -100.00  0.0
121.62  25.19  23.0 -30.00  -100.00  0.0
121.62  25.19  24.0 -30.00  -100.00  0.0
121.63  25.19  16.0 -30.00  -100.00  0.0
121.63  25.19  17.0 -30.00  -100.00  0.0
121.63  25.19  18.0 -30.00  -100.00  0.0
121.63  25.19  19.0 -30.00  -100.00  0.0
121.63  25.19  20.0 -30.00  -100.00  0.0
121.63  25.19  21.0 -30.00  -100.00  0.0
121.63  25.19  22.0 -30.00  -100.00  0.0
121.63  25.19  23.0 -30.00  -100.00  0.0
121.63  25.19  24.0 -30.00  -100.00  0.0
121.63  25.19  16.0 -30.00  -100.00  0.0
121.63  25.19  17.0 -30.00  -100.00  0.0
121.63  25.19  18.0 -30.00  -100.00  0.0
121.63  25.19  19.0 -30.00  -100.00  0.0
121.63  25.19  20.0 -30.00  -100.00  0.0
121.63  25.19  21.0 -30.00  -100.00  0.0
121.63  25.19  22.0 -30.00  -100.00  0.0
121.63  25.19  23.0 -30.00  -100.00  0.0
121.63  25.19  24.0 -30.00  -100.00  0.0
121.64  25.19  16.0 -30.00  -100.00  0.0
121.64  25.19  17.0 -30.00  -100.00  0.0
121.64  25.19  18.0 -30.00  -100.00  0.0
121.64  25.19  19.0 -30.00  -100.00  0.0
121.64  25.19  20.0 -30.00  -100.00  0.0
121.64  25.19  21.0 -30.00  -100.00  0.0
121.64  25.19  22.0 -30.00  -100.00  0.0
121.64  25.19  23.0 -30.00  -100.00  0.0
121.64  25.19  24.0 -30.00  -100.00  0.0
121.64  25.19  16.0 -30.00  -100.00  0.0
121.64  25.19  17.0 -30.00  -100.00  0.0
121.64  25.19  18.0 -30.00  -100.00  0.0
121.64  25.19  19.0 -30.00  -100.00  0.0
121.64  25.19  20.0 -30.00  -100.00  0.0
121.64  25.19  21.0 -30.00  -100.00  0.0
121.64  25.19  22.0 -30.00  -100.00  0.0
121.64  25.19  23.0 -30.00  -100.00  0.0
121.64  25.19  24.0 -30.00  -100.00  0.0
121.65  25.19  17.0 -30.00  -100.00  0.0
121.65  25.19  18.0 -30.00  -100.00  0.0
121.65  25.19  19.0 -30.00  -100.00  0.0
121.65  25.19  20.0 -30.00  -100.00  0.0
121.65  25.19  21.0 -30.00  -100.00  0.0
121.65  25.19  22.0 -30.00  -100.00  0.0
121.65  25.19  23.0 -30.00  -100.00  0.0
121.65  25.19  17.0 -30.00  -100.00  0.0
121.65  25.19  18.0 -30.00  -100.00  0.0
121.65  25.19  19.0 -30.00  -100.00  0.0
121.65  25.19  20.0 -30.00  -100.00  0.0
121.65  25.19  21.0 -30.00  -100.00  0.0
121.65  25.19  22.0 -30.00  -100.00  0.0
121.65  25.19  23.0 -30.00  -100.00  0.0
121.66  25.19  18.0 -30.00  -100.00  0.0
121.66  25.19  19.0 -30.00  -100.00  0.0
121.66  25.19  20.0 -30.00  -100.00  0.0
121.66  25.19  21.0 -30.00  -100.00  0.0
121.66  25.19  22.0 -30.00  -100.00  0.0
121.66  25.19  20.0 -30.00  -100.00  0.0
121.58  25.20  20.0 -30.00  -100.00  0.0
121.58  25.20  18.0 -30.00  -100.00  0.0
121.58  25.20  19.0 -30.00  -100.00  0.0
121.58  25.20  20.0 -30.00  -100.00  0.0
121.58  25.20  21.0 -30.00  -100.00  0.0
121.58  25.20  22.0 -30.00  -100.00  0.0
121.59  25.20  17.0 -30.00  -100.00  0.0
121.59  25.20  18.0 -30.00  -100.00  0.0
121.59  25.20  19.0 -30.00  -100.00  0.0
121.59  25.20  20.0 -30.00  -100.00  0.0
121.59  25.20  21.0 -30.00  -100.00  0.0
121.59  25.20  22.0 -30.00  -100.00  0.0
121.59  25.20  23.0 -30.00  -100.00  0.0
121.59  25.20  17.0 -30.00  -100.00  0.0
121.59  25.20  18.0 -30.00  -100.00  0.0
121.59  25.20  19.0 -30.00  -100.00  0.0
121.59  25.20  20.0 -30.00  -100.00  0.0
121.59  25.20  21.0 -30.00  -100.00  0.0
121.59  25.20  22.0 -30.00  -100.00  0.0
121.59  25.20  23.0 -30.00  -100.00  0.0
121.60  25.20  16.0 -30.00  -100.00  0.0
121.60  25.20  17.0 -30.00  -100.00  0.0
121.60  25.20  18.0 -30.00  -100.00  0.0
121.60  25.20  19.0 -30.00  -100.00  0.0
121.60  25.20  20.0 -30.00  -100.00  0.0
121.60  25.20  21.0 -30.00  -100.00  0.0
121.60  25.20  22.0 -30.00  -100.00  0.0
121.60  25.20  23.0 -30.00  -100.00  0.0
121.60  25.20  24.0 -30.00  -100.00  0.0
121.60  25.20  16.0 -30.00  -100.00  0.0
121.60  25.20  17.0 -30.00  -100.00  0.0
121.60  25.20  18.0 -30.00  -100.00  0.0
121.60  25.20  19.0 -30.00  -100.00  0.0
121.60  25.20  20.0 -30.00  -100.00  0.0
121.60  25.20  21.0 -30.00  -100.00  0.0
121.60  25.20  22.0 -30.00  -100.00  0.0
121.60  25.20  23.0 -30.00  -100.00  0.0
121.60  25.20  24.0 -30.00  -100.00  0.0
121.61  25.20  16.0 -30.00  -100.00  0.0
121.61  25.20  17.0 -30.00  -100.00  0.0
121.61  25.20  18.0 -30.00  -100.00  0.0
121.61  25.20  19.0 -30.00  -100.00  0.0
121.61  25.20  20.0 -30.00  -100.00  0.0
121.61  25.20  21.0 -30.00  -100.00  0.0
121.61  25.20  22.0 -30.00  -100.00  0.0
121.61  25.20  23.0 -30.00  -100.00  0.0
121.61  25.20  24.0 -30.00  -100.00  0.0
121.61  25.20  16.0 -30.00  -100.00  0.0
121.61  25.20  17.0 -30.00  -100.00  0.0
121.61  25.20  18.0 -30.00  -100.00  0.0
121.61  25.20  19.0 -30.00  -100.00  0.0
121.61  25.20  20.0 -30.00  -100.00  0.0
121.61  25.20  21.0 -30.00  -100.00  0.0
121.61  25.20  22.0 -30.00  -100.00  0.0
121.61  25.20  23.0 -30.00  -100.00  0.0
121.61  25.20  24.0 -30.00  -100.00  0.0
121.62  25.20  16.0 -30.00  -100.00  0.0
121.62  25.20  17.0 -30.00  -100.00  0.0
121.62  25.20  18.0 -30.00  -100.00  0.0
121.62  25.20  19.0 -30.00  -100.00  0.0
121.62  25.20  20.0 -30.00  -100.00  0.0
121.62  25.20  21.0 -30.00  -100.00  0.0
121.62  25.20  22.0 -30.00  -100.00  0.0
121.62  25.20  23.0 -30.00  -100.00  0.0
121.62  25.20  24.0 -30.00  -100.00  0.0
121.62  25.20  16.0 -30.00  -100.00  0.0
121.62  25.20  17.0 -30.00  -100.00  0.0
121.62  25.20  18.0 -30.00  -100.00  0.0
121.62  25.20  19.0 -30.00  -100.00  0.0
121.62  25.20  20.0 -30.00  -100.00  0.0
121.62  25.20  21.0 -30.00  -100.00  0.0
121.62  25.20  22.0 -30.00  -100.00  0.0
121.62  25.20  23.0 -30.00  -100.00  0.0
121.62  25.20  24.0 -30.00  -100.00  0.0
121.63  25.20  16.0 -30.00  -100.00  0.0
121.63  25.20  17.0 -30.00  -100.00  0.0
121.63  25.20  18.0 -30.00  -100.00  0.0
121.63  25.20  19.0 -30.00  -100.00  0.0
121.63  25.20  20.0 -30.00  -100.00  0.0
121.63  25.20  21.0 -30.00  -100.00  0.0
121.63  25.20  22.0 -30.00  -100.00  0.0
121.63  25.20  23.0 -30.00  -100.00  0.0
121.63  25.20  24.0 -30.00  -100.00  0.0
121.63  25.20  16.0 -30.00  -100.00  0.0
121.63  25.20  17.0 -30.00  -100.00  0.0
121.63  25.20  18.0 -30.00  -100.00  0.0
121.63  25.20  19.0 -30.00  -100.00  0.0
121.63  25.20  20.0 -30.00  -100.00  0.0
121.63  25.20  21.0 -30.00  -100.00  0.0
121.63  25.20  22.0 -30.00  -100.00  0.0
121.63  25.20  23.0 -30.00  -100.00  0.0
121.63  25.20  24.0 -30.00  -100.00  0.0
121.64  25.20  16.0 -30.00  -100.00  0.0
121.64  25.20  17.0 -30.00  -100.00  0.0
121.64  25.20  18.0 -30.00  -100.00  0.0
121.64  25.20  19.0 -30.00  -100.00  0.0
121.64  25.20  20.0 -30.00  -100.00  0.0
121.64  25.20  21.0 -30.00  -100.00  0.0
121.64  25.20  22.0 -30.00  -100.00  0.0
121.64  25.20  23.0 -30.00  -100.00  0.0
121.64  25.20  24.0 -30.00  -100.00  0.0
121.64  25.20  16.0 -30.00  -100.00  0.0
121.64  25.20  17.0 -30.00  -100.00  0.0
121.64  25.20  18.0 -30.00  -100.00  0.0
121.64  25.20  19.0 -30.00  -100.00  0.0
121.64  25.20  20.0 -30.00  -100.00  0.0
121.64  25.20  21.0 -30.00  -100.00  0.0
121.64  25.20  22.0 -30.00  -100.00  0.0
121.64  25.20  23.0 -30.00  -100.00  0.0
121.64  25.20  24.0 -30.00  -100.00  0.0
121.65  25.20  17.0 -30.00  -100.00  0.0
121.65  25.20  18.0 -30.00  -100.00  0.0
121.65  25.20  19.0 -30.00  -100.00  0.0
121.65  25.20  20.0 -30.00  -100.00  0.0
121.65  25.20  21.0 -30.00  -100.00  0.0
121.65  25.20  22.0 -30.00  -100.00  0.0
121.65  25.20  23.0 -30.00  -100.00  0.0
121.65  25.20  17.0 -30.00  -100.00  0.0
121.65  25.20  18.0 -30.00  -100.00  0.0
121.65  25.20  19.0 -30.00  -100.00  0.0
121.65  25.20  20.0 -30.00  -100.00  0.0
121.65  25.20  21.0 -30.00  -100.00  0.0
121.65  25.20  22.0 -30.00  -100.00  0.0
121.65  25.20  23.0 -30.00  -100.00  0.0
121.66  25.20  18.0 -30.00  -100.00  0.0
121.66  25.20  19.0 -30.00  -100.00  0.0
121.66  25.20  20.0 -30.00  -100.00  0.0
121.66  25.20  21.0 -30.00  -100.00  0.0
121.66  25.20  22.0 -30.00  -100.00  0.0
121.66  25.20  19.0 -30.00  -100.00  0.0
121.66  25.20  20.0 -30.00  -100.00  0.0
121.66  25.20  21.0 -30.00  -100.00  0.0
121.58  25.20  19.0 -30.00  -100.00  0.0
121.58  25.20  20.0 -30.00  -100.00  0.0
121.58  25.20  21.0 -30.00  -100.00  0.0
121.58  25.20  18.0 -30.00  -100.00  0.0
121.58  25.20  19.0 -30.00  -100.00  0.0
121.58  25.20  20.0 -30.00  -100.00  0.0
121.58  25.20  21.0 -30.00  -100.00  0.0
121.58  25.20  22.0 -30.00  -100.00  0.0
121.59  25.20  17.0 -30.00  -100.00  0.0
121.59  25.20  18.0 -30.00  -100.00  0.0
121.59  25.20  19.0 -30.00  -100.00  0.0
121.59  25.20  20.0 -30.00  -100.00  0.0
121.59  25.20  21.0 -30.00  -100.00  0.0
121.59  25.20  22.0 -30.00  -100.00  0.0
121.59  25.20  23.0 -30.00  -100.00  0.0
121.59  25.20  17.0 -30.00  -100.00  0.0
121.59  25.20  18.0 -30.00  -100.00  0.0
121.59  25.20  19.0 -30.00  -100.00  0.0
121.59  25.20  20.0 -30.00  -100.00  0.0
121.59  25.20  21.0 -30.00  -100.00  0.0
121.59  25.20  22.0 -30.00  -100.00  0.0
121.59  25.20  23.0 -30.00  -100.00  0.0
121.60  25.20  16.0 -30.00  -100.00  0.0
121.60  25.20  17.0 -30.00  -100.00  0.0
121.60  25.20  18.0 -30.00  -100.00  0.0
121.60  25.20  19.0 -30.00  -100.00  0.0
121.60  25.20  20.0 -30.00  -100.00  0.0
121.60  25.20  21.0 -30.00  -100.00  0.0
121.60  25.20  22.0 -30.00  -100.00  0.0
121.60  25.20  23.0 -30.00  -100.00  0.0
121.60  25.20  24.0 -30.00  -100.00  0.0
121.60  25.20  16.0 -30.00  -100.00  0.0
121.60  25.20  17.0 -30.00  -100.00  0.0
121.60  25.20  18.0 -30.00  -100.00  0.0
121.60  25.20  19.0 -30.00  -100.00  0.0
121.60  25.20  20.0 -30.00  -100.00  0.0
121.60  25.20  21.0 -30.00  -100.00  0.0
121.60  25.20  22.0 -30.00  -100.00  0.0
121.60  25.20  23.0 -30.00  -100.00  0.0
121.60  25.20  24.0 -30.00  -100.00  0.0
121.61  25.20  16.0 -30.00  -100.00  0.0
121.61  25.20  17.0 -30.00  -100.00  0.0
121.61  25.20  18.0 -30.00  -100.00  0.0
121.61  25.20  19.0 -30.00  -100.00  0.0
121.61  25.20  20.0 -30.00  -100.00  0.0
121.61  25.20  21.0 -30.00  -100.00  0.0
121.61  25.20  22.0 -30.00  -100.00  0.0
121.61  25.20  23.0 -30.00  -100.00  0.0
121.61  25.20  24.0 -30.00  -100.00  0.0
121.61  25.20  16.0 -30.00  -100.00  0.0
121.61  25.20  17.0 -30.00  -100.00  0.0
121.61  25.20  18.0 -30.00  -100.00  0.0
121.61  25.20  19.0 -30.00  -100.00  0.0
121.61  25.20  20.0 -30.00  -100.00  0.0
121.61  25.20  21.0 -30.00  -100.00  0.0
121.61  25.20  22.0 -30.00  -100.00  0.0
121.61  25.20  23.0 -30.00  -100.00  0.0
121.61  25.20  24.0 -30.00  -100.00  0.0
121.62  25.20  16.0 -30.00  -100.00  0.0
121.62  25.20  17.0 -30.00  -100.00  0.0
121.62  25.20  18.0 -30.00  -100.00  0.0
121.62  25.20  19.0 -30.00  -100.00  0.0
121.62  25.20  20.0 -30.00  -100.00  0.0
121.62  25.20  21.0 -30.00  -100.00  0.0
121.62  25.20  22.0 -30.00  -100.00  0.0
121.62  25.20  23.0 -30.00  -100.00  0.0
121.62  25.20  24.0 -30.00  -100.00  0.0
121.62  25.20  16.0 -30.00  -100.00  0.0
121.62  25.20  17.0 -30.00  -100.00  0.0
121.62  25.20  18.0 -30.00  -100.00  0.0
121.62  25.20  19.0 -30.00  -100.00  0.0
121.62  25.20  20.0 -30.00  -100.00  0.0
121.62  25.20  21.0 -30.00  -100.00  0.0
121.62  25.20  22.0 -30.00  -100.00  0.0
121.62  25.20  23.0 -30.00  -100.00  0.0
121.62  25.20  24.0 -30.00  -100.00  0.0
121.63  25.20  16.0 -30.00  -100.00  0.0
121.63  25.20  17.0 -30.00  -100.00  0.0
121.63  25.20  18.0 -30.00  -100.00  0.0
121.63  25.20  19.0 -30.00  -100.00  0.0
121.63  25.20  20.0 -30.00  -100.00  0.0
121.63  25.20  21.0 -30.00  -100.00  0.0
121.63  25.20  22.0 -30.00  -100.00  0.0
121.63  25.20  23.0 -30.00  -100.00  0.0
121.63  25.20  24.0 -30.00  -100.00  0.0
121.63  25.20  16.0 -30.00  -100.00  0.0
121.63  25.20  17.0 -30.00  -100.00  0.0
121.63  25.20  18.0 -30.00  -100.00  0.0
121.63  25.20  19.0 -30.00  -100.00  0.0
121.63  25.20  20.0 -30.00  -100.00  0.0
121.63  25.20  21.0 -30.00  -100.00  0.0
121.63  25.20  22.0 -30.00  -100.00  0.0
121.63  25.20  23.0 -30.00  -100.00  0.0
121.63  25.20  24.0 -30.00  -100.00  0.0
121.64  25.20  16.0 -30.00  -100.00  0.0
121.64  25.20  17.0 -30.00  -100.00  0.0
121.64  25.20  18.0 -30.00  -100.00  0.0
121.64  25.20  19.0 -30.00  -100.00  0.0
121.64  25.20  20.0 -30.00  -100.00  0.0
121.64  25.20  21.0 -30.00  -100.00  0.0
121.64  25.20  22.0 -30.00  -100.00  0.0
121.64  25.20  23.0 -30.00  -100.00  0.0
121.64  25.20  24.0 -30.00  -100.00  0.0
121.64  25.20  16.0 -30.00  -100.00  0.0
121.64  25.20  17.0 -30.00  -100.00  0.0
121.64  25.20  18.0 -30.00  -100.00  0.0
121.64  25.20  19.0 -30.00  -100.00  0.0
121.64  25.20  20.0 -30.00  -100.00  0.0
121.64  25.20  21.0 -30.00  -100.00  0.0
121.64  25.20  22.0 -30.00  -100.00  0.0
121.64  25.20  23.0 -30.00  -100.00  0.0
121.64  25.20  24.0 -30.00  -100.00  0.0
121.65  25.20  17.0 -30.00  -100.00  0.0
121.65  25.20  18.0 -30.00  -100.00  0.0
121.65  25.20  19.0 -30.00  -100.00  0.0
121.65  25.20  20.0 -30.00  -100.00  0.0
121.65  25.20  21.0 -30.00  -100.00  0.0
121.65  25.20  22.0 -30.00  -100.00  0.0
121.65  25.20  23.0 -30.00  -100.00  0.0
121.65  25.20  17.0 -30.00  -100.00  0.0
121.65  25.20  18.0 -30.00  -100.00  0.0
121.65  25.20  19.0 -30.00  -100.00  0.0
121.65  25.20  20.0 -30.00  -100.00  0.0
121.65  25.20  21.0 -30.00  -100.00  0.0
121.65  25.20  22.0 -30.00  -100.00  0.0
121.65  25.20  23.0 -30.00  -100.00  0.0
121.66  25.20  18.0 -30.00  -100.00  0.0
121.66  25.20  19.0 -30.00  -100.00  0.0
121.66  25.20  20.0 -30.00  -100.00  0.0
121.66  25.20  21.0 -30.00  -100.00  0.0
121.66  25.20  22.0 -30.00  -100.00  0.0
121.66  25.20  19.0 -30.00  -100.00  0.0
121.66  25.20  20.0 -30.00  -100.00  0.0
121.66  25.20  21.0 -30.00  -100.00  0.0
121.58  25.21  19.0 -30.00  -100.00  0.0
121.58  25.21  20.0 -30.00  -100.00  0.0
121.58  25.21  21.0 -30.00  -100.00  0.0
121.58  25.21  18.0 -30.00  -100.00  0.0
121.58  25.21  19.0 -30.00  -100.00  0.0
121.58  25.21  20.0 -30.00  -100.00  0.0
121.58  25.21  21.0 -30.00  -100.00  0.0
121.58  25.21  22.0 -30.00  -100.00  0.0
121.59  25.21  17.0 -30.00  -100.00  0.0
121.59  25.21  18.0 -30.00  -100.00  0.0
121.59  25.21  19.0 -30.00  -100.00  0.0
121.59  25.21  20.0 -30.00  -100.00  0.0
121.59  25.21  21.0 -30.00  -100.00  0.0
121.59  25.21  22.0 -30.00  -100.00  0.0
121.59  25.21  23.0 -30.00  -100.00  0.0
121.59  25.21  17.0 -30.00  -100.00  0.0
121.59  25.21  18.0 -30.00  -100.00  0.0
121.59  25.21  19.0 -30.00  -100.00  0.0
121.59  25.21  20.0 -30.00  -100.00  0.0
121.59  25.21  21.0 -30.00  -100.00  0.0
121.59  25.21  22.0 -30.00  -100.00  0.0
121.59  25.21  23.0 -30.00  -100.00  0.0
121.60  25.21  16.0 -30.00  -100.00  0.0
121.60  25.21  17.0 -30.00  -100.00  0.0
121.60  25.21  18.0 -30.00  -100.00  0.0
121.60  25.21  19.0 -30.00  -100.00  0.0
121.60  25.21  20.0 -30.00  -100.00  0.0
121.60  25.21  21.0 -30.00  -100.00  0.0
121.60  25.21  22.0 -30.00  -100.00  0.0
121.60  25.21  23.0 -30.00  -100.00  0.0
121.60  25.21  24.0 -30.00  -100.00  0.0
121.60  25.21  16.0 -30.00  -100.00  0.0
121.60  25.21  17.0 -30.00  -100.00  0.0
121.60  25.21  18.0 -30.00  -100.00  0.0
121.60  25.21  19.0 -30.00  -100.00  0.0
121.60  25.21  20.0 -30.00  -100.00  0.0
121.60  25.21  21.0 -30.00  -100.00  0.0
121.60  25.21  22.0 -30.00  -100.00  0.0
121.60  25.21  23.0 -30.00  -100.00  0.0
121.60  25.21  24.0 -30.00  -100.00  0.0
121.61  25.21  16.0 -30.00  -100.00  0.0
121.61  25.21  17.0 -30.00  -100.00  0.0
121.61  25.21  18.0 -30.00  -100.00  0.0
121.61  25.21  19.0 -30.00  -100.00  0.0
121.61  25.21  20.0 -30.00  -100.00  0.0
121.61  25.21  21.0 -30.00  -100.00  0.0
121.61  25.21  22.0 -30.00  -100.00  0.0
121.61  25.21  23.0 -30.00  -100.00  0.0
121.61  25.21  24.0 -30.00  -100.00  0.0
121.61  25.21  16.0 -30.00  -100.00  0.0
121.61  25.21  17.0 -30.00  -100.00  0.0
121.61  25.21  18.0 -30.00  -100.00  0.0
121.61  25.21  19.0 -30.00  -100.00  0.0
121.61  25.21  20.0 -30.00  -100.00  0.0
121.61  25.21  21.0 -30.00  -100.00  0.0
121.61  25.21  22.0 -30.00  -100.00  0.0
121.61  25.21  23.0 -30.00  -100.00  0.0
121.61  25.21  24.0 -30.00  -100.00  0.0
121.62  25.21  16.0 -30.00  -100.00  0.0
121.62  25.21  17.0 -30.00  -100.00  0.0
121.62  25.21  18.0 -30.00  -100.00  0.0
121.62  25.21  19.0 -30.00  -100.00  0.0
121.62  25.21  20.0 -30.00  -100.00  0.0
121.62  25.21  21.0 -30.00  -100.00  0.0
121.62  25.21  22.0 -30.00  -100.00  0.0
121.62  25.21  23.0 -30.00  -100.00  0.0
121.62  25.21  24.0 -30.00  -100.00  0.0
121.62  25.21  16.0 -30.00  -100.00  0.0
121.62  25.21  17.0 -30.00  -100.00  0.0
121.62  25.21  18.0 -30.00  -100.00  0.0
121.62  25.21  19.0 -30.00  -100.00  0.0
121.62  25.21  20.0 -30.00  -100.00  0.0
121.62  25.21  21.0 -30.00  -100.00  0.0
121.62  25.21  22.0 -30.00  -100.00  0.0
121.62  25.21  23.0 -30.00  -100.00  0.0
121.62  25.21  24.0 -30.00  -100.00  0.0
121.63  25.21  16.0 -30.00  -100.00  0.0
121.63  25.21  17.0 -30.00  -100.00  0.0
121.63  25.21  18.0 -30.00  -100.00  0.0
121.63  25.21  19.0 -30.00  -100.00  0.0
121.63  25.21  20.0 -30.00  -100.00  0.0
121.63  25.21  21.0 -30.00  -100.00  0.0
121.63  25.21  22.0 -30.00  -100.00  0.0
121.63  25.21  23.0 -30.00  -100.00  0.0
121.63  25.21  24.0 -30.00  -100.00  0.0
121.63  25.21  16.0 -30.00  -100.00  0.0
121.63  25.21  17.0 -30.00  -100.00  0.0
121.63  25.21  18.0 -30.00  -100.00  0.0
121.63  25.21  19.0 -30.00  -100.00  0.0
121.63  25.21  20.0 -30.00  -100.00  0.0
121.63  25.21  21.0 -30.00  -100.00  0.0
121.63  25.21  22.0 -30.00  -100.00  0.0
121.63  25.21  23.0 -30.00  -100.00  0.0
121.63  25.21  24.0 -30.00  -100.00  0.0
121.64  25.21  16.0 -30.00  -100.00  0.0
121.64  25.21  17.0 -30.00  -100.00  0.0
121.64  25.21  18.0 -30.00  -100.00  0.0
121.64  25.21  19.0 -30.00  -100.00  0.0
121.64  25.21  20.0 -30.00  -100.00  0.0
121.64  25.21  21.0 -30.00  -100.00  0.0
121.64  25.21  22.0 -30.00  -100.00  0.0
121.64  25.21  23.0 -30.00  -100.00  0.0
121.64  25.21  24.0 -30.00  -100.00  0.0
121.64  25.21  16.0 -30.00  -100.00  0.0
121.64  25.21  17.0 -30.00  -100.00  0.0
121.64  25.21  18.0 -30.00  -100.00  0.0
121.64  25.21  19.0 -30.00  -100.00  0.0
121.64  25.21  20.0 -30.00  -100.00  0.0
121.64  25.21  21.0 -30.00  -100.00  0.0
121.64  25.21  22.0 -30.00  -100.00  0.0
121.64  25.21  23.0 -30.00  -100.00  0.0
121.64  25.21  24.0 -30.00  -100.00  0.0
121.65  25.21  16.0 -30.00  -100.00  0.0
121.65  25.21  17.0 -30.00  -100.00  0.0
121.65  25.21  18.0 -30.00  -100.00  0.0
121.65  25.21  19.0 -30.00  -100.00  0.0
121.65  25.21  20.0 -30.00  -100.00  0.0
121.65  25.21  21.0 -30.00  -100.00  0.0
121.65  25.21  22.0 -30.00  -100.00  0.0
121.65  25.21  23.0 -30.00  -100.00  0.0
121.65  25.21  24.0 -30.00  -100.00  0.0
121.65  25.21  17.0 -30.00  -100.00  0.0
121.65  25.21  18.0 -30.00  -100.00  0.0
121.65  25.21  19.0 -30.00  -100.00  0.0
121.65  25.21  20.0 -30.00  -100.00  0.0
121.65  25.21  21.0 -30.00  -100.00  0.0
121.65  25.21  22.0 -30.00  -100.00  0.0
121.65  25.21  23.0 -30.00  -100.00  0.0
121.66  25.21  18.0 -30.00  -100.00  0.0
121.66  25.21  19.0 -30.00  -100.00  0.0
121.66  25.21  20.0 -30.00  -100.00  0.0
121.66  25.21  21.0 -30.00  -100.00  0.0
121.66  25.21  22.0 -30.00  -100.00  0.0
121.66  25.21  19.0 -30.00  -100.00  0.0
121.66  25.21  20.0 -30.00  -100.00  0.0
121.66  25.21  21.0 -30.00  -100.00  0.0
121.58  25.21  19.0 -30.00  -100.00  0.0
121.58  25.21  20.0 -30.00  -100.00  0.0
121.58  25.21  21.0 -30.00  -100.00  0.0
121.58  25.21  18.0 -30.00  -100.00  0.0
121.58  25.21  19.0 -30.00  -100.00  0.0
121.58  25.21  20.0 -30.00  -100.00  0.0
121.58  25.21  21.0 -30.00  -100.00  0.0
121.58  25.21  22.0 -30.00  -100.00  0.0
121.59  25.21  17.0 -30.00  -100.00  0.0
121.59  25.21  18.0 -30.00  -100.00  0.0
121.59  25.21  19.0 -30.00  -100.00  0.0
121.59  25.21  20.0 -30.00  -100.00  0.0
121.59  25.21  21.0 -30.00  -100.00  0.0
121.59  25.21  22.0 -30.00  -100.00  0.0
121.59  25.21  23.0 -30.00  -100.00  0.0
121.59  25.21  17.0 -30.00  -100.00  0.0
121.59  25.21  18.0 -30.00  -100.00  0.0
121.59  25.21  19.0 -30.00  -100.00  0.0
121.59  25.21  20.0 -30.00  -100.00  0.0
121.59  25.21  21.0 -30.00  -100.00  0.0
121.59  25.21  22.0 -30.00  -100.00  0.0
121.59  25.21  23.0 -30.00  -100.00  0.0
121.60  25.21  16.0 -30.00  -100.00  0.0
121.60  25.21  17.0 -30.00  -100.00  0.0
121.60  25.21  18.0 -30.00  -100.00  0.0
121.60  25.21  19.0 -30.00  -100.00  0.0
121.60  25.21  20.0 -30.00  -100.00  0.0
121.60  25.21  21.0 -30.00  -100.00  0.0
121.60  25.21  22.0 -30.00  -100.00  0.0
121.60  25.21  23.0 -30.00  -100.00  0.0
121.60  25.21  24.0 -30.00  -100.00  0.0
121.60  25.21  16.0 -30.00  -100.00  0.0
121.60  25.21  17.0 -30.00  -100.00  0.0
121.60  25.21  18.0 -30.00  -100.00  0.0
121.60  25.21  19.0 -30.00  -100.00  0.0
121.60  25.21  20.0 -30.00  -100.00  0.0
121.60  25.21  21.0 -30.00  -100.00  0.0
121.60  25.21  22.0 -30.00  -100.00  0.0
121.60  25.21  23.0 -30.00  -100.00  0.0
121.60  25.21  24.0 -30.00  -100.00  0.0
121.61  25.21  16.0 -30.00  -100.00  0.0
121.61  25.21  17.0 -30.00  -100.00  0.0
121.61  25.21  18.0 -30.00  -100.00  0.0
121.61  25.21  19.0 -30.00  -100.00  0.0
121.61  25.21  20.0 -30.00  -100.00  0.0
121.61  25.21  21.0 -30.00  -100.00  0.0
121.61  25.21  22.0 -30.00  -100.00  0.0
121.61  25.21  23.0 -30.00  -100.00  0.0
121.61  25.21  24.0 -30.00  -100.00  0.0
121.61  25.21  16.0 -30.00  -100.00  0.0
121.61  25.21  17.0 -30.00  -100.00  0.0
121.61  25.21  18.0 -30.00  -100.00  0.0
121.61  25.21  19.0 -30.00  -100.00  0.0
121.61  25.21  20.0 -30.00  -100.00  0.0
121.61  25.21  21.0 -30.00  -100.00  0.0
121.61  25.21  22.0 -30.00  -100.00  0.0
121.61  25.21  23.0 -30.00  -100.00  0.0
121.61  25.21  24.0 -30.00  -100.00  0.0
121.62  25.21  16.0 -30.00  -100.00  0.0
121.62  25.21  17.0 -30.00  -100.00  0.0
121.62  25.21  18.0 -30.00  -100.00  0.0
121.62  25.21  19.0 -30.00  -100.00  0.0
121.62  25.21  20.0 -30.00  -100.00  0.0
121.62  25.21  21.0 -30.00  -100.00  0.0
121.62  25.21  22.0 -30.00  -100.00  0.0
121.62  25.21  23.0 -30.00  -100.00  0.0
121.62  25.21  24.0 -30.00  -100.00  0.0
121.62  25.21  16.0 -30.00  -100.00  0.0
121.62  25.21  17.0 -30.00  -100.00  0.0
121.62  25.21  18.0 -30.00  -100.00  0.0
121.62  25.21  19.0 -30.00  -100.00  0.0
121.62  25.21  20.0 -30.00  -100.00  0.0
121.62  25.21  21.0 -30.00  -100.00  0.0
121.62  25.21  22.0 -30.00  -100.00  0.0
121.62  25.21  23.0 -30.00  -100.00  0.0
121.62  25.21  24.0 -30.00  -100.00  0.0
121.63  25.21  16.0 -30.00  -100.00  0.0
121.63  25.21  17.0 -30.00  -100.00  0.0
121.63  25.21  18.0 -30.00  -100.00  0.0
121.63  25.21  19.0 -30.00  -100.00  0.0
121.63  25.21  20.0 -30.00  -100.00  0.0
121.63  25.21  21.0 -30.00  -100.00  0.0
121.63  25.21  22.0 -30.00  -100.00  0.0
121.63  25.21  23.0 -30.00  -100.00  0.0
121.63  25.21  24.0 -30.00  -100.00  0.0
121.63  25.21  16.0 -30.00  -100.00  0.0
121.63  25.21  17.0 -30.00  -100.00  0.0
121.63  25.21  18.0 -30.00  -100.00  0.0
121.63  25.21  19.0 -30.00  -100.00  0.0
121.63  25.21  20.0 -30.00  -100.00  0.0
121.63  25.21  21.0 -30.00  -100.00  0.0
121.63  25.21  22.0 -30.00  -100.00  0.0
121.63  25.21  23.0 -30.00  -100.00  0.0
121.63  25.21  24.0 -30.00  -100.00  0.0
121.64  25.21  16.0 -30.00  -100.00  0.0
121.64  25.21  17.0 -30.00  -100.00  0.0
121.64  25.21  18.0 -30.00  -100.00  0.0
121.64  25.21  19.0 -30.00  -100.00  0.0
121.64  25.21  20.0 -30.00  -100.00  0.0
121.64  25.21  21.0 -30.00  -100.00  0.0
121.64  25.21  22.0 -30.00  -100.00  0.0
121.64  25.21  23.0 -30.00  -100.00  0.0
121.64  25.21  24.0 -30.00  -100.00  0.0
121.64  25.21  16.0 -30.00  -100.00  0.0
121.64  25.21  17.0 -30.00  -100.00  0.0
121.64  25.21  18.0 -30.00  -100.00  0.0
121.64  25.21  19.0 -30.00  -100.00  0.0
121.64  25.21  20.0 -30.00  -100.00  0.0
121.64  25.21  21.0 -30.00  -100.00  0.0
121.64  25.21  22.0 -30.00  -100.00  0.0
121.64  25.21  23.0 -30.00  -100.00  0.0
121.64  25.21  24.0 -30.00  -100.00  0.0
121.65  25.21  17.0 -30.00  -100.00  0.0
121.65  25.21  18.0 -30.00  -100.00  0.0
121.65  25.21  19.0 -30.00  -100.00  0.0
121.65  25.21  20.0 -30.00  -100.00  0.0
121.65  25.21  21.0 -30.00  -100.00  0.0
121.65  25.21  22.0 -30.00  -100.00  0.0
121.65  25.21  23.0 -30.00  -100.00  0.0
121.65  25.21  17.0 -30.00  -100.00  0.0
121.65  25.21  18.0 -30.00  -100.00  0.0
121.65  25.21  19.0 -30.00  -100.00  0.0
121.65  25.21  20.0 -30.00  -100.00  0.0
121.65  25.21  21.0 -30.00  -100.00  0.0
121.65  25.21  22.0 -30.00  -100.00  0.0
121.65  25.21  23.0 -30.00  -100.00  0.0
121.66  25.21  18.0 -30.00  -100.00  0.0
121.66  25.21  19.0 -30.00  -100.00  0.0
121.66  25.21  20.0 -30.00  -100.00  0.0
121.66  25.21  21.0 -30.00  -100.00  0.0
121.66  25.21  22.0 -30.00  -100.00  0.0
121.66  25.21  19.0 -30.00  -100.00  0.0
121.66  25.21  20.0 -30.00  -100.00  0.0
121.66  25.21  21.0 -30.00  -100.00  0.0
121.58  25.22  20.0 -30.00  -100.00  0.0
121.58  25.22  18.0 -30.00  -100.00  0.0
121.58  25.22  19.0 -30.00  -100.00  0.0
121.58  25.22  20.0 -30.00  -100.00  0.0
121.58  25.22  21.0 -30.00  -100.00  0.0
121.58  25.22  22.0 -30.00  -100.00  0.0
121.59  25.22  17.0 -30.00  -100.00  0.0
121.59  25.22  18.0 -30.00  -100.00  0.0
121.59  25.22  19.0 -30.00  -100.00  0.0
121.59  25.22  20.0 -30.00  -100.00  0.0
121.59  25.22  21.0 -30.00  -100.00  0.0
121.59  25.22  22.0 -30.00  -100.00  0.0
121.59  25.22  23.0 -30.00  -100.00  0.0
121.59  25.22  17.0 -30.00  -100.00  0.0
121.59  25.22  18.0 -30.00  -100.00  0.0
121.59  25.22  19.0 -30.00  -100.00  0.0
121.59  25.22  20.0 -30.00  -100.00  0.0
121.59  25.22  21.0 -30.00  -100.00  0.0
121.59  25.22  22.0 -30.00  -100.00  0.0
121.59  25.22  23.0 -30.00  -100.00  0.0
121.60  25.22  16.0 -30.00  -100.00  0.0
121.60  25.22  17.0 -30.00  -100.00  0.0
121.60  25.22  18.0 -30.00  -100.00  0.0
121.60  25.22  19.0 -30.00  -100.00  0.0
121.60  25.22  20.0 -30.00  -100.00  0.0
121.60  25.22  21.0 -30.00  -100.00  0.0
121.60  25.22  22.0 -30.00  -100.00  0.0
121.60  25.22  23.0 -30.00  -100.00  0.0
121.60  25.22  24.0 -30.00  -100.00  0.0
121.60  25.22  16.0 -30.00  -100.00  0.0
121.60  25.22  17.0 -30.00  -100.00  0.0
121.60  25.22  18.0 -30.00  -100.00  0.0
121.60  25.22  19.0 -30.00  -100.00  0.0
121.60  25.22  20.0 -30.00  -100.00  0.0
121.60  25.22  21.0 -30.00  -100.00  0.0
121.60  25.22  22.0 -30.00  -100.00  0.0
121.60  25.22  23.0 -30.00  -100.00  0.0
121.60  25.22  24.0 -30.00  -100.00  0.0
121.61  25.22  16.0 -30.00  -100.00  0.0
121.61  25.22  17.0 -30.00  -100.00  0.0
121.61  25.22  18.0 -30.00  -100.00  0.0
121.61  25.22  19.0 -30.00  -100.00  0.0
121.61  25.22  20.0 -30.00  -100.00  0.0
121.61  25.22  21.0 -30.00  -100.00  0.0
121.61  25.22  22.0 -30.00  -100.00  0.0
121.61  25.22  23.0 -30.00  -100.00  0.0
121.61  25.22  24.0 -30.00  -100.00  0.0
121.61  25.22  16.0 -30.00  -100.00  0.0
121.61  25.22  17.0 -30.00  -100.00  0.0
121.61  25.22  18.0 -30.00  -100.00  0.0
121.61  25.22  19.0 -30.00  -100.00  0.0
121.61  25.22  20.0 -30.00  -100.00  0.0
121.61  25.22  21.0 -30.00  -100.00  0.0
121.61  25.22  22.0 -30.00  -100.00  0.0
121.61  25.22  23.0 -30.00  -100.00  0.0
121.61  25.22  24.0 -30.00  -100.00  0.0
121.62  25.22  16.0 -30.00  -100.00  0.0
121.62  25.22  17.0 -30.00  -100.00  0.0
121.62  25.22  18.0 -30.00  -100.00  0.0
121.62  25.22  19.0 -30.00  -100.00  0.0
121.62  25.22  20.0 -30.00  -100.00  0.0
121.62  25.22  21.0 -30.00  -100.00  0.0
121.62  25.22  22.0 -30.00  -100.00  0.0
121.62  25.22  23.0 -30.00  -100.00  0.0
121.62  25.22  24.0 -30.00  -100.00  0.0
121.62  25.22  16.0 -30.00  -100.00  0.0
121.62  25.22  17.0 -30.00  -100.00  0.0
121.62  25.22  18.0 -30.00  -100.00  0.0
121.62  25.22  19.0 -30.00  -100.00  0.0
121.62  25.22  20.0 -30.00  -100.00  0.0
121.62  25.22  21.0 -30.00  -100.00  0.0
121.62  25.22  22.0 -30.00  -100.00  0.0
121.62  25.22  23.0 -30.00  -100.00  0.0
121.62  25.22  24.0 -30.00  -100.00  0.0
121.63  25.22  16.0 -30.00  -100.00  0.0
121.63  25.22  17.0 -30.00  -100.00  0.0
121.63  25.22  18.0 -30.00  -100.00  0.0
121.63  25.22  19.0 -30.00  -100.00  0.0
121.63  25.22  20.0 -30.00  -100.00  0.0
121.63  25.22  21.0 -30.00  -100.00  0.0
121.63  25.22  22.0 -30.00  -100.00  0.0
121.63  25.22  23.0 -30.00  -100.00  0.0
121.63  25.22  24.0 -30.00  -100.00  0.0
121.63  25.22  16.0 -30.00  -100.00  0.0
121.63  25.22  17.0 -30.00  -100.00  0.0
121.63  25.22  18.0 -30.00  -100.00  0.0
121.63  25.22  19.0 -30.00  -100.00  0.0
121.63  25.22  20.0 -30.00  -100.00  0.0
121.63  25.22  21.0 -30.00  -100.00  0.0
121.63  25.22  22.0 -30.00  -100.00  0.0
121.63  25.22  23.0 -30.00  -100.00  0.0
121.63  25.22  24.0 -30.00  -100.00  0.0
121.64  25.22  16.0 -30.00  -100.00  0.0
121.64  25.22  17.0 -30.00  -100.00  0.0
121.64  25.22  18.0 -30.00  -100.00  0.0
121.64  25.22  19.0 -30.00  -100.00  0.0
121.64  25.22  20.0 -30.00  -100.00  0.0
121.64  25.22  21.0 -30.00  -100.00  0.0
121.64  25.22  22.0 -30.00  -100.00  0.0
121.64  25.22  23.0 -30.00  -100.00  0.0
121.64  25.22  24.0 -30.00  -100.00  0.0
121.64  25.22  16.0 -30.00  -100.00  0.0
121.64  25.22  17.0 -30.00  -100.00  0.0
121.64  25.22  18.0 -30.00  -100.00  0.0
121.64  25.22  19.0 -30.00  -100.00  0.0
121.64  25.22  20.0 -30.00  -100.00  0.0
121.64  25.22  21.0 -30.00  -100.00  0.0
121.64  25.22  22.0 -30.00  -100.00  0.0
121.64  25.22  23.0 -30.00  -100.00  0.0
121.64  25.22  24.0 -30.00  -100.00  0.0
121.65  25.22  17.0 -30.00  -100.00  0.0
121.65  25.22  18.0 -30.00  -100.00  0.0
121.65  25.22  19.0 -30.00  -100.00  0.0
121.65  25.22  20.0 -30.00  -100.00  0.0
121.65  25.22  21.0 -30.00  -100.00  0.0
121.65  25.22  22.0 -30.00  -100.00  0.0
121.65  25.22  23.0 -30.00  -100.00  0.0
121.65  25.22  17.0 -30.00  -100.00  0.0
121.65  25.22  18.0 -30.00  -100.00  0.0
121.65  25.22  19.0 -30.00  -100.00  0.0
121.65  25.22  20.0 -30.00  -100.00  0.0
121.65  25.22  21.0 -30.00  -100.00  0.0
121.65  25.22  22.0 -30.00  -100.00  0.0
121.65  25.22  23.0 -30.00  -100.00  0.0
121.66  25.22  18.0 -30.00  -100.00  0.0
121.66  25.22  19.0 -30.00  -100.00  0.0
121.66  25.22  20.0 -30.00  -100.00  0.0
121.66  25.22  21.0 -30.00  -100.00  0.0
121.66  25.22  22.0 -30.00  -100.00  0.0
121.66  25.22  19.0 -30.00  -100.00  0.0
121.66  25.22  20.0 -30.00  -100.00  0.0
121.66  25.22  21.0 -30.00  -100.00  0.0
121.58  25.22  18.0 -30.00  -100.00  0.0
121.58  25.22  19.0 -30.00  -100.00  0.0
121.58  25.22  20.0 -30.00  -100.00  0.0
121.58  25.22  21.0 -30.00  -100.00  0.0
121.58  25.22  22.0 -30.00  -100.00  0.0
121.59  25.22  18.0 -30.00  -100.00  0.0
121.59  25.22  19.0 -30.00  -100.00  0.0
121.59  25.22  20.0 -30.00  -100.00  0.0
121.59  25.22  21.0 -30.00  -100.00  0.0
121.59  25.22  22.0 -30.00  -100.00  0.0
121.59  25.22  17.0 -30.00  -100.00  0.0
121.59  25.22  18.0 -30.00  -100.00  0.0
121.59  25.22  19.0 -30.00  -100.00  0.0
121.59  25.22  20.0 -30.00  -100.00  0.0
121.59  25.22  21.0 -30.00  -100.00  0.0
121.59  25.22  22.0 -30.00  -100.00  0.0
121.59  25.22  23.0 -30.00  -100.00  0.0
121.60  25.22  17.0 -30.00  -100.00  0.0
121.60  25.22  18.0 -30.00  -100.00  0.0
121.60  25.22  19.0 -30.00  -100.00  0.0
121.60  25.22  20.0 -30.00  -100.00  0.0
121.60  25.22  21.0 -30.00  -100.00  0.0
121.60  25.22  22.0 -30.00  -100.00  0.0
121.60  25.22  23.0 -30.00  -100.00  0.0
121.60  25.22  16.0 -30.00  -100.00  0.0
121.60  25.22  17.0 -30.00  -100.00  0.0
121.60  25.22  18.0 -30.00  -100.00  0.0
121.60  25.22  19.0 -30.00  -100.00  0.0
121.60  25.22  20.0 -30.00  -100.00  0.0
121.60  25.22  21.0 -30.00  -100.00  0.0
121.60  25.22  22.0 -30.00  -100.00  0.0
121.60  25.22  23.0 -30.00  -100.00  0.0
121.60  25.22  24.0 -30.00  -100.00  0.0
121.61  25.22  16.0 -30.00  -100.00  0.0
121.61  25.22  17.0 -30.00  -100.00  0.0
121.61  25.22  18.0 -30.00  -100.00  0.0
121.61  25.22  19.0 -30.00  -100.00  0.0
121.61  25.22  20.0 -30.00  -100.00  0.0
121.61  25.22  21.0 -30.00  -100.00  0.0
121.61  25.22  22.0 -30.00  -100.00  0.0
121.61  25.22  23.0 -30.00  -100.00  0.0
121.61  25.22  24.0 -30.00  -100.00  0.0
121.61  25.22  16.0 -30.00  -100.00  0.0
121.61  25.22  17.0 -30.00  -100.00  0.0
121.61  25.22  18.0 -30.00  -100.00  0.0
121.61  25.22  19.0 -30.00  -100.00  0.0
121.61  25.22  20.0 -30.00  -100.00  0.0
121.61  25.22  21.0 -30.00  -100.00  0.0
121.61  25.22  22.0 -30.00  -100.00  0.0
121.61  25.22  23.0 -30.00  -100.00  0.0
121.61  25.22  24.0 -30.00  -100.00  0.0
121.62  25.22  16.0 -30.00  -100.00  0.0
121.62  25.22  17.0 -30.00  -100.00  0.0
121.62  25.22  18.0 -30.00  -100.00  0.0
121.62  25.22  19.0 -30.00  -100.00  0.0
121.62  25.22  20.0 -30.00  -100.00  0.0
121.62  25.22  21.0 -30.00  -100.00  0.0
121.62  25.22  22.0 -30.00  -100.00  0.0
121.62  25.22  23.0 -30.00  -100.00  0.0
121.62  25.22  24.0 -30.00  -100.00  0.0
121.62  25.22  16.0 -30.00  -100.00  0.0
121.62  25.22  17.0 -30.00  -100.00  0.0
121.62  25.22  18.0 -30.00  -100.00  0.0
121.62  25.22  19.0 -30.00  -100.00  0.0
121.62  25.22  20.0 -30.00  -100.00  0.0
121.62  25.22  21.0 -30.00  -100.00  0.0
121.62  25.22  22.0 -30.00  -100.00  0.0
121.62  25.22  23.0 -30.00  -100.00  0.0
121.62  25.22  24.0 -30.00  -100.00  0.0
121.63  25.22  16.0 -30.00  -100.00  0.0
121.63  25.22  17.0 -30.00  -100.00  0.0
121.63  25.22  18.0 -30.00  -100.00  0.0
121.63  25.22  19.0 -30.00  -100.00  0.0
121.63  25.22  20.0 -30.00  -100.00  0.0
121.63  25.22  21.0 -30.00  -100.00  0.0
121.63  25.22  22.0 -30.00  -100.00  0.0
121.63  25.22  23.0 -30.00  -100.00  0.0
121.63  25.22  24.0 -30.00  -100.00  0.0
121.63  25.22  16.0 -30.00  -100.00  0.0
121.63  25.22  17.0 -30.00  -100.00  0.0
121.63  25.22  18.0 -30.00  -100.00  0.0
121.63  25.22  19.0 -30.00  -100.00  0.0
121.63  25.22  20.0 -30.00  -100.00  0.0
121.63  25.22  21.0 -30.00  -100.00  0.0
121.63  25.22  22.0 -30.00  -100.00  0.0
121.63  25.22  23.0 -30.00  -100.00  0.0
121.63  25.22  24.0 -30.00  -100.00  0.0
121.64  25.22  16.0 -30.00  -100.00  0.0
121.64  25.22  17.0 -30.00  -100.00  0.0
121.64  25.22  18.0 -30.00  -100.00  0.0
121.64  25.22  19.0 -30.00  -100.00  0.0
121.64  25.22  20.0 -30.00  -100.00  0.0
121.64  25.22  21.0 -30.00  -100.00  0.0
121.64  25.22  22.0 -30.00  -100.00  0.0
121.64  25.22  23.0 -30.00  -100.00  0.0
121.64  25.22  24.0 -30.00  -100.00  0.0
121.64  25.22  16.0 -30.00  -100.00  0.0
121.64  25.22  17.0 -30.00  -100.00  0.0
121.64  25.22  18.0 -30.00  -100.00  0.0
121.64  25.22  19.0 -30.00  -100.00  0.0
121.64  25.22  20.0 -30.00  -100.00  0.0
121.64  25.22  21.0 -30.00  -100.00  0.0
121.64  25.22  22.0 -30.00  -100.00  0.0
121.64  25.22  23.0 -30.00  -100.00  0.0
121.64  25.22  24.0 -30.00  -100.00  0.0
121.65  25.22  17.0 -30.00  -100.00  0.0
121.65  25.22  18.0 -30.00  -100.00  0.0
121.65  25.22  19.0 -30.00  -100.00  0.0
121.65  25.22  20.0 -30.00  -100.00  0.0
121.65  25.22  21.0 -30.00  -100.00  0.0
121.65  25.22  22.0 -30.00  -100.00  0.0
121.65  25.22  23.0 -30.00  -100.00  0.0
121.65  25.22  17.0 -30.00  -100.00  0.0
121.65  25.22  18.0 -30.00  -100.00  0.0
121.65  25.22  19.0 -30.00  -100.00  0.0
121.65  25.22  20.0 -30.00  -100.00  0.0
121.65  25.22  21.0 -30.00  -100.00  0.0
121.65  25.22  22.0 -30.00  -100.00  0.0
121.65  25.22  23.0 -30.00  -100.00  0.0
121.66  25.22  18.0 -30.00  -100.00  0.0
121.66  25.22  19.0 -30.00  -100.00  0.0
121.66  25.22  20.0 -30.00  -100.00  0.0
121.66  25.22  21.0 -30.00  -100.00  0.0
121.66  25.22  22.0 -30.00  -100.00  0.0
121.66  25.22  20.0 -30.00  -100.00  0.0
121.58  25.23  19.0 -30.00  -100.00  0.0
121.58  25.23  20.0 -30.00  -100.00  0.0
121.58  25.23  21.0 -30.00  -100.00  0.0
121.59  25.23  18.0 -30.00  -100.00  0.0
121.59  25.23  19.0 -30.00  -100.00  0.0
121.59  25.23  20.0 -30.00  -100.00  0.0
121.59  25.23  21.0 -30.00  -100.00  0.0
121.59  25.23  22.0 -30.00  -100.00  0.0
121.59  25.23  17.0 -30.00  -100.00  0.0
121.59  25.23  18.0 -30.00  -100.00  0.0
121.59  25.23  19.0 -30.00  -100.00  0.0
121.59  25.23  20.0 -30.00  -100.00  0.0
121.59  25.23  21.0 -30.00  -100.00  0.0
121.59  25.23  22.0 -30.00  -100.00  0.0
121.59  25.23  23.0 -30.00  -100.00  0.0
121.60  25.23  17.0 -30.00  -100.00  0.0
121.60  25.23  18.0 -30.00  -100.00  0.0
121.60  25.23  19.0 -30.00  -100.00  0.0
121.60  25.23  20.0 -30.00  -100.00  0.0
121.60  25.23  21.0 -30.00  -100.00  0.0
121.60  25.23  22.0 -30.00  -100.00  0.0
121.60  25.23  23.0 -30.00  -100.00  0.0
121.60  25.23  16.0 -30.00  -100.00  0.0
121.60  25.23  17.0 -30.00  -100.00  0.0
121.60  25.23  18.0 -30.00  -100.00  0.0
121.60  25.23  19.0 -30.00  -100.00  0.0
121.60  25.23  20.0 -30.00  -100.00  0.0
121.60  25.23  21.0 -30.00  -100.00  0.0
121.60  25.23  22.0 -30.00  -100.00  0.0
121.60  25.23  23.0 -30.00  -100.00  0.0
121.60  25.23  24.0 -30.00  -100.00  0.0
121.61  25.23  16.0 -30.00  -100.00  0.0
121.61  25.23  17.0 -30.00  -100.00  0.0
121.61  25.23  18.0 -30.00  -100.00  0.0
121.61  25.23  19.0 -30.00  -100.00  0.0
121.61  25.23  20.0 -30.00  -100.00  0.0
121.61  25.23  21.0 -30.00  -100.00  0.0
121.61  25.23  22.0 -30.00  -100.00  0.0
121.61  25.23  23.0 -30.00  -100.00  0.0
121.61  25.23  24.0 -30.00  -100.00  0.0
121.61  25.23  16.0 -30.00  -100.00  0.0
121.61  25.23  17.0 -30.00  -100.00  0.0
121.61  25.23  18.0 -30.00  -100.00  0.0
121.61  25.23  19.0 -30.00  -100.00  0.0
121.61  25.23  20.0 -30.00  -100.00  0.0
121.61  25.23  21.0 -30.00  -100.00  0.0
121.61  25.23  22.0 -30.00  -100.00  0.0
121.61  25.23  23.0 -30.00  -100.00  0.0
121.61  25.23  24.0 -30.00  -100.00  0.0
121.62  25.23  16.0 -30.00  -100.00  0.0
121.62  25.23  17.0 -30.00  -100.00  0.0
121.62  25.23  18.0 -30.00  -100.00  0.0
121.62  25.23  19.0 -30.00  -100.00  0.0
121.62  25.23  20.0 -30.00  -100.00  0.0
121.62  25.23  21.0 -30.00  -100.00  0.0
121.62  25.23  22.0 -30.00  -100.00  0.0
121.62  25.23  23.0 -30.00  -100.00  0.0
121.62  25.23  24.0 -30.00  -100.00  0.0
121.62  25.23  16.0 -30.00  -100.00  0.0
121.62  25.23  17.0 -30.00  -100.00  0.0
121.62  25.23  18.0 -30.00  -100.00  0.0
121.62  25.23  19.0 -30.00  -100.00  0.0
121.62  25.23  20.0 -30.00  -100.00  0.0
121.62  25.23  21.0 -30.00  -100.00  0.0
121.62  25.23  22.0 -30.00  -100.00  0.0
121.62  25.23  23.0 -30.00  -100.00  0.0
121.62  25.23  24.0 -30.00  -100.00  0.0
121.63  25.23  16.0 -30.00  -100.00  0.0
121.63  25.23  17.0 -30.00  -100.00  0.0
121.63  25.23  18.0 -30.00  -100.00  0.0
121.63  25.23  19.0 -30.00  -100.00  0.0
121.63  25.23  20.0 -30.00  -100.00  0.0
121.63  25.23  21.0 -30.00  -100.00  0.0
121.63  25.23  22.0 -30.00  -100.00  0.0
121.63  25.23  23.0 -30.00  -100.00  0.0
121.63  25.23  24.0 -30.00  -100.00  0.0
121.63  25.23  16.0 -30.00  -100.00  0.0
121.63  25.23  17.0 -30.00  -100.00  0.0
121.63  25.23  18.0 -30.00  -100.00  0.0
121.63  25.23  19.0 -30.00  -100.00  0.0
121.63  25.23  20.0 -30.00  -100.00  0.0
121.63  25.23  21.0 -30.00  -100.00  0.0
121.63  25.23  22.0 -30.00  -100.00  0.0
121.63  25.23  23.0 -30.00  -100.00  0.0
121.63  25.23  24.0 -30.00  -100.00  0.0
121.64  25.23  16.0 -30.00  -100.00  0.0
121.64  25.23  17.0 -30.00  -100.00  0.0
121.64  25.23  18.0 -30.00  -100.00  0.0
121.64  25.23  19.0 -30.00  -100.00  0.0
121.64  25.23  20.0 -30.00  -100.00  0.0
121.64  25.23  21.0 -30.00  -100.00  0.0
121.64  25.23  22.0 -30.00  -100.00  0.0
121.64  25.23  23.0 -30.00  -100.00  0.0
121.64  25.23  24.0 -30.00  -100.00  0.0
121.64  25.23  17.0 -30.00  -100.00  0.0
121.64  25.23  18.0 -30.00  -100.00  0.0
121.64  25.23  19.0 -30.00  -100.00  0.0
121.64  25.23  20.0 -30.00  -100.00  0.0
121.64  25.23  21.0 -30.00  -100.00  0.0
121.64  25.23  22.0 -30.00  -100.00  0.0
121.64  25.23  23.0 -30.00  -100.00  0.0
121.65  25.23  17.0 -30.00  -100.00  0.0
121.65  25.23  18.0 -30.00  -100.00  0.0
121.65  25.23  19.0 -30.00  -100.00  0.0
121.65  25.23  20.0 -30.00  -100.00  0.0
121.65  25.23  21.0 -30.00  -100.00  0.0
121.65  25.23  22.0 -30.00  -100.00  0.0
121.65  25.23  23.0 -30.00  -100.00  0.0
121.65  25.23  18.0 -30.00  -100.00  0.0
121.65  25.23  19.0 -30.00  -100.00  0.0
121.65  25.23  20.0 -30.00  -100.00  0.0
121.65  25.23  21.0 -30.00  -100.00  0.0
121.65  25.23  22.0 -30.00  -100.00  0.0
121.66  25.23  19.0 -30.00  -100.00  0.0
121.66  25.23  20.0 -30.00  -100.00  0.0
121.66  25.23  21.0 -30.00  -100.00  0.0
121.59  25.23  19.0 -30.00  -100.00  0.0
121.59  25.23  20.0 -30.00  -100.00  0.0
121.59  25.23  21.0 -30.00  -100.00  0.0
121.59  25.23  18.0 -30.00  -100.00  0.0
121.59  25.23  19.0 -30.00  -100.00  0.0
121.59  25.23  20.0 -30.00  -100.00  0.0
121.59  25.23  21.0 -30.00  -100.00  0.0
121.59  25.23  22.0 -30.00  -100.00  0.0
121.60  25.23  17.0 -30.00  -100.00  0.0
121.60  25.23  18.0 -30.00  -100.00  0.0
121.60  25.23  19.0 -30.00  -100.00  0.0
121.60  25.23  20.0 -30.00  -100.00  0.0
121.60  25.23  21.0 -30.00  -100.00  0.0
121.60  25.23  22.0 -30.00  -100.00  0.0
121.60  25.23  23.0 -30.00  -100.00  0.0
121.60  25.23  17.0 -30.00  -100.00  0.0
121.60  25.23  18.0 -30.00  -100.00  0.0
121.60  25.23  19.0 -30.00  -100.00  0.0
121.60  25.23  20.0 -30.00  -100.00  0.0
121.60  25.23  21.0 -30.00  -100.00  0.0
121.60  25.23  22.0 -30.00  -100.00  0.0
121.60  25.23  23.0 -30.00  -100.00  0.0
121.61  25.23  17.0 -30.00  -100.00  0.0
121.61  25.23  18.0 -30.00  -100.00  0.0
121.61  25.23  19.0 -30.00  -100.00  0.0
121.61  25.23  20.0 -30.00  -100.00  0.0
121.61  25.23  21.0 -30.00  -100.00  0.0
121.61  25.23  22.0 -30.00  -100.00  0.0
121.61  25.23  23.0 -30.00  -100.00  0.0
121.61  25.23  16.0 -30.00  -100.00  0.0
121.61  25.23  17.0 -30.00  -100.00  0.0
121.61  25.23  18.0 -30.00  -100.00  0.0
121.61  25.23  19.0 -30.00  -100.00  0.0
121.61  25.23  20.0 -30.00  -100.00  0.0
121.61  25.23  21.0 -30.00  -100.00  0.0
121.61  25.23  22.0 -30.00  -100.00  0.0
121.61  25.23  23.0 -30.00  -100.00  0.0
121.61  25.23  24.0 -30.00  -100.00  0.0
121.62  25.23  16.0 -30.00  -100.00  0.0
121.62  25.23  17.0 -30.00  -100.00  0.0
121.62  25.23  18.0 -30.00  -100.00  0.0
121.62  25.23  19.0 -30.00  -100.00  0.0
121.62  25.23  20.0 -30.00  -100.00  0.0
121.62  25.23  21.0 -30.00  -100.00  0.0
121.62  25.23  22.0 -30.00  -100.00  0.0
121.62  25.23  23.0 -30.00  -100.00  0.0
121.62  25.23  24.0 -30.00  -100.00  0.0
121.62  25.23  16.0 -30.00  -100.00  0.0
121.62  25.23  17.0 -30.00  -100.00  0.0
121.62  25.23  18.0 -30.00  -100.00  0.0
121.62  25.23  19.0 -30.00  -100.00  0.0
121.62  25.23  20.0 -30.00  -100.00  0.0
121.62  25.23  21.0 -30.00  -100.00  0.0
121.62  25.23  22.0 -30.00  -100.00  0.0
121.62  25.23  23.0 -30.00  -100.00  0.0
121.62  25.23  24.0 -30.00  -100.00  0.0
121.63  25.23  16.0 -30.00  -100.00  0.0
121.63  25.23  17.0 -30.00  -100.00  0.0
121.63  25.23  18.0 -30.00  -100.00  0.0
121.63  25.23  19.0 -30.00  -100.00  0.0
121.63  25.23  20.0 -30.00  -100.00  0.0
121.63  25.23  21.0 -30.00  -100.00  0.0
121.63  25.23  22.0 -30.00  -100.00  0.0
121.63  25.23  23.0 -30.00  -100.00  0.0
121.63  25.23  24.0 -30.00  -100.00  0.0
121.63  25.23  17.0 -30.00  -100.00  0.0
121.63  25.23  18.0 -30.00  -100.00  0.0
121.63  25.23  19.0 -30.00  -100.00  0.0
121.63  25.23  20.0 -30.00  -100.00  0.0
121.63  25.23  21.0 -30.00  -100.00  0.0
121.63  25.23  22.0 -30.00  -100.00  0.0
121.63  25.23  23.0 -30.00  -100.00  0.0
121.64  25.23  17.0 -30.00  -100.00  0.0
121.64  25.23  18.0 -30.00  -100.00  0.0
121.64  25.23  19.0 -30.00  -100.00  0.0
121.64  25.23  20.0 -30.00  -100.00  0.0
121.64  25.23  21.0 -30.00  -100.00  0.0
121.64  25.23  22.0 -30.00  -100.00  0.0
121.64  25.23  23.0 -30.00  -100.00  0.0
121.64  25.23  17.0 -30.00  -100.00  0.0
121.64  25.23  18.0 -30.00  -100.00  0.0
121.64  25.23  19.0 -30.00  -100.00  0.0
121.64  25.23  20.0 -30.00  -100.00  0.0
121.64  25.23  21.0 -30.00  -100.00  0.0
121.64  25.23  22.0 -30.00  -100.00  0.0
121.64  25.23  23.0 -30.00  -100.00  0.0
121.65  25.23  18.0 -30.00  -100.00  0.0
121.65  25.23  19.0 -30.00  -100.00  0.0
121.65  25.23  20.0 -30.00  -100.00  0.0
121.65  25.23  21.0 -30.00  -100.00  0.0
121.65  25.23  22.0 -30.00  -100.00  0.0
121.65  25.23  18.0 -30.00  -100.00  0.0
121.65  25.23  19.0 -30.00  -100.00  0.0
121.65  25.23  20.0 -30.00  -100.00  0.0
121.65  25.23  21.0 -30.00  -100.00  0.0
121.65  25.23  22.0 -30.00  -100.00  0.0
121.66  25.23  20.0 -30.00  -100.00  0.0
121.59  25.24  20.0 -30.00  -100.00  0.0
121.59  25.24  18.0 -30.00  -100.00  0.0
121.59  25.24  19.0 -30.00  -100.00  0.0
121.59  25.24  20.0 -30.00  -100.00  0.0
121.59  25.24  21.0 -30.00  -100.00  0.0
121.59  25.24  22.0 -30.00  -100.00  0.0
121.60  25.24  18.0 -30.00  -100.00  0.0
121.60  25.24  19.0 -30.00  -100.00  0.0
121.60  25.24  20.0 -30.00  -100.00  0.0
121.60  25.24  21.0 -30.00  -100.00  0.0
121.60  25.24  22.0 -30.00  -100.00  0.0
121.60  25.24  17.0 -30.00  -100.00  0.0
121.60  25.24  18.0 -30.00  -100.00  0.0
121.60  25.24  19.0 -30.00  -100.00  0.0
121.60  25.24  20.0 -30.00  -100.00  0.0
121.60  25.24  21.0 -30.00  -100.00  0.0
121.60  25.24  22.0 -30.00  -100.00  0.0
121.60  25.24  23.0 -30.00  -100.00  0.0
121.61  25.24  17.0 -30.00  -100.00  0.0
121.61  25.24  18.0 -30.00  -100.00  0.0
121.61  25.24  19.0 -30.00  -100.00  0.0
121.61  25.24  20.0 -30.00  -100.00  0.0
121.61  25.24  21.0 -30.00  -100.00  0.0
121.61  25.24  22.0 -30.00  -100.00  0.0
121.61  25.24  23.0 -30.00  -100.00  0.0
121.61  25.24  17.0 -30.00  -100.00  0.0
121.61  25.24  18.0 -30.00  -100.00  0.0
121.61  25.24  19.0 -30.00  -100.00  0.0
121.61  25.24  20.0 -30.00  -100.00  0.0
121.61  25.24  21.0 -30.00  -100.00  0.0
121.61  25.24  22.0 -30.00  -100.00  0.0
121.61  25.24  23.0 -30.00  -100.00  0.0
121.62  25.24  17.0 -30.00  -100.00  0.0
121.62  25.24  18.0 -30.00  -100.00  0.0
121.62  25.24  19.0 -30.00  -100.00  0.0
121.62  25.24  20.0 -30.00  -100.00  0.0
121.62  25.24  21.0 -30.00  -100.00  0.0
121.62  25.24  22.0 -30.00  -100.00  0.0
121.62  25.24  23.0 -30.00  -100.00  0.0
121.62  25.24  17.0 -30.00  -100.00  0.0
121.62  25.24  18.0 -30.00  -100.00  0.0
121.62  25.24  19.0 -30.00  -100.00  0.0
121.62  25.24  20.0 -30.00  -100.00  0.0
121.62  25.24  21.0 -30.00  -100.00  0.0
121.62  25.24  22.0 -30.00  -100.00  0.0
121.62  25.24  23.0 -30.00  -100.00  0.0
121.63  25.24  17.0 -30.00  -100.00  0.0
121.63  25.24  18.0 -30.00  -100.00  0.0
121.63  25.24  19.0 -30.00  -100.00  0.0
121.63  25.24  20.0 -30.00  -100.00  0.0
121.63  25.24  21.0 -30.00  -100.00  0.0
121.63  25.24  22.0 -30.00  -100.00  0.0
121.63  25.24  23.0 -30.00  -100.00  0.0
121.63  25.24  17.0 -30.00  -100.00  0.0
121.63  25.24  18.0 -30.00  -100.00  0.0
121.63  25.24  19.0 -30.00  -100.00  0.0
121.63  25.24  20.0 -30.00  -100.00  0.0
121.63  25.24  21.0 -30.00  -100.00  0.0
121.63  25.24  22.0 -30.00  -100.00  0.0
121.63  25.24  23.0 -30.00  -100.00  0.0
121.64  25.24  17.0 -30.00  -100.00  0.0
121.64  25.24  18.0 -30.00  -100.00  0.0
121.64  25.24  19.0 -30.00  -100.00  0.0
121.64  25.24  20.0 -30.00  -100.00  0.0
121.64  25.24  21.0 -30.00  -100.00  0.0
121.64  25.24  22.0 -30.00  -100.00  0.0
121.64  25.24  23.0 -30.00  -100.00  0.0
121.64  25.24  18.0 -30.00  -100.00  0.0
121.64  25.24  19.0 -30.00  -100.00  0.0
121.64  25.24  20.0 -30.00  -100.00  0.0
121.64  25.24  21.0 -30.00  -100.00  0.0
121.64  25.24  22.0 -30.00  -100.00  0.0
121.65  25.24  18.0 -30.00  -100.00  0.0
121.65  25.24  19.0 -30.00  -100.00  0.0
121.65  25.24  20.0 -30.00  -100.00  0.0
121.65  25.24  21.0 -30.00  -100.00  0.0
121.65  25.24  22.0 -30.00  -100.00  0.0
121.65  25.24  19.0 -30.00  -100.00  0.0
121.65  25.24  20.0 -30.00  -100.00  0.0
121.65  25.24  21.0 -30.00  -100.00  0.0
121.59  25.24  20.0 -30.00  -100.00  0.0
121.60  25.24  19.0 -30.00  -100.00  0.0
121.60  25.24  20.0 -30.00  -100.00  0.0
121.60  25.24  21.0 -30.00  -100.00  0.0
121.60  25.24  18.0 -30.00  -100.00  0.0
121.60  25.24  19.0 -30.00  -100.00  0.0
121.60  25.24  20.0 -30.00  -100.00  0.0
121.60  25.24  21.0 -30.00  -100.00  0.0
121.60  25.24  22.0 -30.00  -100.00  0.0
121.61  25.24  18.0 -30.00  -100.00  0.0
121.61  25.24  19.0 -30.00  -100.00  0.0
121.61  25.24  20.0 -30.00  -100.00  0.0
121.61  25.24  21.0 -30.00  -100.00  0.0
121.61  25.24  22.0 -30.00  -100.00  0.0
121.61  25.24  17.0 -30.00  -100.00  0.0
121.61  25.24  18.0 -30.00  -100.00  0.0
121.61  25.24  19.0 -30.00  -100.00  0.0
121.61  25.24  20.0 -30.00  -100.00  0.0
121.61  25.24  21.0 -30.00  -100.00  0.0
121.61  25.24  22.0 -30.00  -100.00  0.0
121.61  25.24  23.0 -30.00  -100.00  0.0
121.62  25.24  17.0 -30.00  -100.00  0.0
121.62  25.24  18.0 -30.00  -100.00  0.0
121.62  25.24  19.0 -30.00  -100.00  0.0
121.62  25.24  20.0 -30.00  -100.00  0.0
121.62  25.24  21.0 -30.00  -100.00  0.0
121.62  25.24  22.0 -30.00  -100.00  0.0
121.62  25.24  23.0 -30.00  -100.00  0.0
121.62  25.24  17.0 -30.00  -100.00  0.0
121.62  25.24  18.0 -30.00  -100.00  0.0
121.62  25.24  19.0 -30.00  -100.00  0.0
121.62  25.24  20.0 -30.00  -100.00  0.0
121.62  25.24  21.0 -30.00  -100.00  0.0
121.62  25.24  22.0 -30.00  -100.00  0.0
121.62  25.24  23.0 -30.00  -100.00  0.0
121.63  25.24  17.0 -30.00  -100.00  0.0
121.63  25.24  18.0 -30.00  -100.00  0.0
121.63  25.24  19.0 -30.00  -100.00  0.0
121.63  25.24  20.0 -30.00  -100.00  0.0
121.63  25.24  21.0 -30.00  -100.00  0.0
121.63  25.24  22.0 -30.00  -100.00  0.0
121.63  25.24  23.0 -30.00  -100.00  0.0
121.63  25.24  18.0 -30.00  -100.00  0.0
121.63  25.24  19.0 -30.00  -100.00  0.0
121.63  25.24  20.0 -30.00  -100.00  0.0
121.63  25.24  21.0 -30.00  -100.00  0.0
121.63  25.24  22.0 -30.00  -100.00  0.0
121.64  25.24  18.0 -30.00  -100.00  0.0
121.64  25.24  19.0 -30.00  -100.00  0.0
121.64  25.24  20.0 -30.00  -100.00  0.0
121.64  25.24  21.0 -30.00  -100.00  0.0
121.64  25.24  22.0 -30.00  -100.00  0.0
121.64  25.24  19.0 -30.00  -100.00  0.0
121.64  25.24  20.0 -30.00  -100.00  0.0
121.64  25.24  21.0 -30.00  -100.00  0.0
121.65  25.24  20.0 -30.00  -100.00  0.0
121.60  25.25  19.0 -30.00  -100.00  0.0
121.60  25.25  20.0 -30.00  -100.00  0.0
121.60  25.25  21.0 -30.00  -100.00  0.0
121.61  25.25  19.0 -30.00  -100.00  0.0
121.61  25.25  20.0 -30.00  -100.00  0.0
121.61  25.25  21.0 -30.00  -100.00  0.0
121.61  25.25  18.0 -30.00  -100.00  0.0
121.61  25.25  19.0 -30.00  -100.00  0.0
121.61  25.25  20.0 -30.00  -100.00  0.0
121.61  25.25  21.0 -30.00  -100.00  0.0
121.61  25.25  22.0 -30.00  -100.00  0.0
121.62  25.25  18.0 -30.00  -100.00  0.0
121.62  25.25  19.0 -30.00  -100.00  0.0
121.62  25.25  20.0 -30.00  -100.00  0.0
121.62  25.25  21.0 -30.00  -100.00  0.0
121.62  25.25  22.0 -30.00  -100.00  0.0
121.62  25.25  18.0 -30.00  -100.00  0.0
121.62  25.25  19.0 -30.00  -100.00  0.0
121.62  25.25  20.0 -30.00  -100.00  0.0
121.62  25.25  21.0 -30.00  -100.00  0.0
121.62  25.25  22.0 -30.00  -100.00  0.0
121.63  25.25  18.0 -30.00  -100.00  0.0
121.63  25.25  19.0 -30.00  -100.00  0.0
121.63  25.25  20.0 -30.00  -100.00  0.0
121.63  25.25  21.0 -30.00  -100.00  0.0
121.63  25.25  22.0 -30.00  -100.00  0.0
121.63  25.25  19.0 -30.00  -100.00  0.0
121.63  25.25  20.0 -30.00  -100.00  0.0
121.63  25.25  21.0 -30.00  -100.00  0.0
121.64  25.25  19.0 -30.00  -100.00  0.0
121.64  25.25  20.0 -30.00  -100.00  0.0
121.64  25.25  21.0 -30.00  -100.00  0.0
121.62  25.25  20.0 -30.00  -100.00  0.0
