121.62  25.16  15.0 -30.00  -100.00  0.0
121.60  25.17  14.0 -30.00  -100.00  0.0
121.60  25.17  15.0 -30.00  -100.00  0.0
121.60  25.17  16.0 -30.00  -100.00  0.0
121.61  25.17  14.0 -30.00  -100.00  0.0
121.61  25.17  15.0 -30.00  -100.00  0.0
121.61  25.17  16.0 -30.00  -100.00  0.0
121.61  25.17  13.0 -30.00  -100.00  0.0
121.61  25.17  14.0 -30.00  -100.00  0.0
121.61  25.17  15.0 -30.00  -100.00  0.0
121.61  25.17  16.0 -30.00  -100.00  0.0
121.61  25.17  17.0 -30.00  -100.00  0.0
121.62  25.17  13.0 -30.00  -100.00  0.0
121.62  25.17  14.0 -30.00  -100.00  0.0
121.62  25.17  15.0 -30.00  -100.00  0.0
121.62  25.17  16.0 -30.00  -100.00  0.0
121.62  25.17  17.0 -30.00  -100.00  0.0
121.62  25.17  13.0 -30.00  -100.00  0.0
121.62  25.17  14.0 -30.00  -100.00  0.0
121.62  25.17  15.0 -30.00  -100.00  0.0
121.62  25.17  16.0 -30.00  -100.00  0.0
121.62  25.17  17.0 -30.00  -100.00  0.0
121.63  25.17  13.0 -30.00  -100.00  0.0
121.63  25.17  14.0 -30.00  -100.00  0.0
121.63  25.17  15.0 -30.00  -100.00  0.0
121.63  25.17  16.0 -30.00  -100.00  0.0
121.63  25.17  17.0 -30.00  -100.00  0.0
121.63  25.17  14.0 -30.00  -100.00  0.0
121.63  25.17  15.0 -30.00  -100.00  0.0
121.63  25.17  16.0 -30.00  -100.00  0.0
121.64  25.17  14.0 -30.00  -100.00  0.0
121.64  25.17  15.0 -30.00  -100.00  0.0
121.64  25.17  16.0 -30.00  -100.00  0.0
121.59  25.17  15.0 -30.00  -100.00  0.0
121.60  25.17  14.0 -30.00  -100.00  0.0
121.60  25.17  15.0 -30.00  -100.00  0.0
121.60  25.17  16.0 -30.00  -100.00  0.0
121.60  25.17  13.0 -30.00  -100.00  0.0
121.60  25.17  14.0 -30.00  -100.00  0.0
121.60  25.17  15.0 -30.00  -100.00  0.0
121.60  25.17  16.0 -30.00  -100.00  0.0
121.60  25.17  17.0 -30.00  -100.00  0.0
121.61  25.17  13.0 -30.00  -100.00  0.0
121.61  25.17  14.0 -30.00  -100.00  0.0
121.61  25.17  15.0 -30.00  -100.00  0.0
121.61  25.17  16.0 -30.00  -100.00  0.0
121.61  25.17  17.0 -30.00  -100.00  0.0
121.61  25.17  12.0 -30.00  -100.00  0.0
121.61  25.17  13.0 -30.00  -100.00  0.0
121.61  25.17  14.0 -30.00  -100.00  0.0
121.61  25.17  15.0 -30.00  -100.00  0.0
121.61  25.17  16.0 -30.00  -100.00  0.0
121.61  25.17  17.0 -30.00  -100.00  0.0
121.61  25.17  18.0 -30.00  -100.00  0.0
121.62  25.17  12.0 -30.00  -100.00  0.0
121.62  25.17  13.0 -30.00  -100.00  0.0
121.62  25.17  14.0 -30.00  -100.00  0.0
121.62  25.17  15.0 -30.00  -100.00  0.0
121.62  25.17  16.0 -30.00  -100.00  0.0
121.62  25.17  17.0 -30.00  -100.00  0.0
121.62  25.17  18.0 -30.00  -100.00  0.0
121.62  25.17  12.0 -30.00  -100.00  0.0
121.62  25.17  13.0 -30.00  -100.00  0.0
121.62  25.17  14.0 -30.00  -100.00  0.0
121.62  25.17  15.0 -30.00  -100.00  0.0
121.62  25.17  16.0 -30.00  -100.00  0.0
121.62  25.17  17.0 -30.00  -100.00  0.0
121.62  25.17  18.0 -30.00  -100.00  0.0
121.63  25.17  12.0 -30.00  -100.00  0.0
121.63  25.17  13.0 -30.00  -100.00  0.0
121.63  25.17  14.0 -30.00  -100.00  0.0
121.63  25.17  15.0 -30.00  -100.00  0.0
121.63  25.17  16.0 -30.00  -100.00  0.0
121.63  25.17  17.0 -30.00  -100.00  0.0
121.63  25.17  18.0 -30.00  -100.00  0.0
121.63  25.17  13.0 -30.00  -100.00  0.0
121.63  25.17  14.0 -30.00  -100.00  0.0
121.63  25.17  15.0 -30.00  -100.00  0.0
121.63  25.17  16.0 -30.00  -100.00  0.0
121.63  25.17  17.0 -30.00  -100.00  0.0
121.64  25.17  13.0 -30.00  -100.00  0.0
121.64  25.17  14.0 -30.00  -100.00  0.0
121.64  25.17  15.0 -30.00  -100.00  0.0
121.64  25.17  16.0 -30.00  -100.00  0.0
121.64  25.17  17.0 -30.00  -100.00  0.0
121.64  25.17  14.0 -30.00  -100.00  0.0
121.64  25.17  15.0 -30.00  -100.00  0.0
121.64  25.17  16.0 -30.00  -100.00  0.0
121.65  25.17  15.0 -30.00  -100.00  0.0
121.59  25.18  15.0 -30.00  -100.00  0.0
121.59  25.18  13.0 -30.00  -100.00  0.0
121.59  25.18  14.0 -30.00  -100.00  0.0
121.59  25.18  15.0 -30.00  -100.00  0.0
121.59  25.18  16.0 -30.00  -100.00  0.0
121.59  25.18  17.0 -30.00  -100.00  0.0
121.60  25.18  13.0 -30.00  -100.00  0.0
121.60  25.18  14.0 -30.00  -100.00  0.0
121.60  25.18  15.0 -30.00  -100.00  0.0
121.60  25.18  16.0 -30.00  -100.00  0.0
121.60  25.18  17.0 -30.00  -100.00  0.0
121.60  25.18  12.0 -30.00  -100.00  0.0
121.60  25.18  13.0 -30.00  -100.00  0.0
121.60  25.18  14.0 -30.00  -100.00  0.0
121.60  25.18  15.0 -30.00  -100.00  0.0
121.60  25.18  16.0 -30.00  -100.00  0.0
121.60  25.18  17.0 -30.00  -100.00  0.0
121.60  25.18  18.0 -30.00  -100.00  0.0
121.61  25.18  12.0 -30.00  -100.00  0.0
121.61  25.18  13.0 -30.00  -100.00  0.0
121.61  25.18  14.0 -30.00  -100.00  0.0
121.61  25.18  15.0 -30.00  -100.00  0.0
121.61  25.18  16.0 -30.00  -100.00  0.0
121.61  25.18  17.0 -30.00  -100.00  0.0
121.61  25.18  18.0 -30.00  -100.00  0.0
121.61  25.18  12.0 -30.00  -100.00  0.0
121.61  25.18  13.0 -30.00  -100.00  0.0
121.61  25.18  14.0 -30.00  -100.00  0.0
121.61  25.18  15.0 -30.00  -100.00  0.0
121.61  25.18  16.0 -30.00  -100.00  0.0
121.61  25.18  17.0 -30.00  -100.00  0.0
121.61  25.18  18.0 -30.00  -100.00  0.0
121.62  25.18  12.0 -30.00  -100.00  0.0
121.62  25.18  13.0 -30.00  -100.00  0.0
121.62  25.18  14.0 -30.00  -100.00  0.0
121.62  25.18  15.0 -30.00  -100.00  0.0
121.62  25.18  16.0 -30.00  -100.00  0.0
121.62  25.18  17.0 -30.00  -100.00  0.0
121.62  25.18  18.0 -30.00  -100.00  0.0
121.62  25.18  12.0 -30.00  -100.00  0.0
121.62  25.18  13.0 -30.00  -100.00  0.0
121.62  25.18  14.0 -30.00  -100.00  0.0
121.62  25.18  15.0 -30.00  -100.00  0.0
121.62  25.18  16.0 -30.00  -100.00  0.0
121.62  25.18  17.0 -30.00  -100.00  0.0
121.62  25.18  18.0 -30.00  -100.00  0.0
121.63  25.18  12.0 -30.00  -100.00  0.0
121.63  25.18  13.0 -30.00  -100.00  0.0
121.63  25.18  14.0 -30.00  -100.00  0.0
121.63  25.18  15.0 -30.00  -100.00  0.0
121.63  25.18  16.0 -30.00  -100.00  0.0
121.63  25.18  17.0 -30.00  -100.00  0.0
121.63  25.18  18.0 -30.00  -100.00  0.0
121.63  25.18  12.0 -30.00  -100.00  0.0
121.63  25.18  13.0 -30.00  -100.00  0.0
121.63  25.18  14.0 -30.00  -100.00  0.0
121.63  25.18  15.0 -30.00  -100.00  0.0
121.63  25.18  16.0 -30.00  -100.00  0.0
121.63  25.18  17.0 -30.00  -100.00  0.0
121.63  25.18  18.0 -30.00  -100.00  0.0
121.64  25.18  12.0 -30.00  -100.00  0.0
121.64  25.18  13.0 -30.00  -100.00  0.0
121.64  25.18  14.0 -30.00  -100.00  0.0
121.64  25.18  15.0 -30.00  -100.00  0.0
121.64  25.18  16.0 -30.00  -100.00  0.0
121.64  25.18  17.0 -30.00  -100.00  0.0
121.64  25.18  18.0 -30.00  -100.00  0.0
121.64  25.18  13.0 -30.00  -100.00  0.0
121.64  25.18  14.0 -30.00  -100.00  0.0
121.64  25.18  15.0 -30.00  -100.00  0.0
121.64  25.18  16.0 -30.00  -100.00  0.0
121.64  25.18  17.0 -30.00  -100.00  0.0
121.65  25.18  13.0 -30.00  -100.00  0.0
121.65  25.18  14.0 -30.00  -100.00  0.0
121.65  25.18  15.0 -30.00  -100.00  0.0
121.65  25.18  16.0 -30.00  -100.00  0.0
121.65  25.18  17.0 -30.00  -100.00  0.0
121.65  25.18  14.0 -30.00  -100.00  0.0
121.65  25.18  15.0 -30.00  -100.00  0.0
121.65  25.18  16.0 -30.00  -100.00  0.0
121.59  25.18  14.0 -30.00  -100.00  0.0
121.59  25.18  15.0 -30.00  -100.00  0.0
121.59  25.18  16.0 -30.00  -100.00  0.0
121.59  25.18  13.0 -30.00  -100.00  0.0
121.59  25.18  14.0 -30.00  -100.00  0.0
121.59  25.18  15.0 -30.00  -100.00  0.0
121.59  25.18  16.0 -30.00  -100.00  0.0
121.59  25.18  17.0 -30.00  -100.00  0.0
121.60  25.18  12.0 -30.00  -100.00  0.0
121.60  25.18  13.0 -30.00  -100.00  0.0
121.60  25.18  14.0 -30.00  -100.00  0.0
121.60  25.18  15.0 -30.00  -100.00  0.0
121.60  25.18  16.0 -30.00  -100.00  0.0
121.60  25.18  17.0 -30.00  -100.00  0.0
121.60  25.18  18.0 -30.00  -100.00  0.0
121.60  25.18  12.0 -30.00  -100.00  0.0
121.60  25.18  13.0 -30.00  -100.00  0.0
121.60  25.18  14.0 -30.00  -100.00  0.0
121.60  25.18  15.0 -30.00  -100.00  0.0
121.60  25.18  16.0 -30.00  -100.00  0.0
121.60  25.18  17.0 -30.00  -100.00  0.0
121.60  25.18  18.0 -30.00  -100.00  0.0
121.61  25.18  12.0 -30.00  -100.00  0.0
121.61  25.18  13.0 -30.00  -100.00  0.0
121.61  25.18  14.0 -30.00  -100.00  0.0
121.61  25.18  15.0 -30.00  -100.00  0.0
121.61  25.18  16.0 -30.00  -100.00  0.0
121.61  25.18  17.0 -30.00  -100.00  0.0
121.61  25.18  18.0 -30.00  -100.00  0.0
121.61  25.18  11.0 -30.00  -100.00  0.0
121.61  25.18  12.0 -30.00  -100.00  0.0
121.61  25.18  13.0 -30.00  -100.00  0.0
121.61  25.18  14.0 -30.00  -100.00  0.0
121.61  25.18  15.0 -30.00  -100.00  0.0
121.61  25.18  16.0 -30.00  -100.00  0.0
121.61  25.18  17.0 -30.00  -100.00  0.0
121.61  25.18  18.0 -30.00  -100.00  0.0
121.61  25.18  19.0 -30.00  -100.00  0.0
121.62  25.18  11.0 -30.00  -100.00  0.0
121.62  25.18  12.0 -30.00  -100.00  0.0
121.62  25.18  13.0 -30.00  -100.00  0.0
121.62  25.18  14.0 -30.00  -100.00  0.0
121.62  25.18  15.0 -30.00  -100.00  0.0
121.62  25.18  16.0 -30.00  -100.00  0.0
121.62  25.18  17.0 -30.00  -100.00  0.0
121.62  25.18  18.0 -30.00  -100.00  0.0
121.62  25.18  19.0 -30.00  -100.00  0.0
121.62  25.18  11.0 -30.00  -100.00  0.0
121.62  25.18  12.0 -30.00  -100.00  0.0
121.62  25.18  13.0 -30.00  -100.00  0.0
121.62  25.18  14.0 -30.00  -100.00  0.0
121.62  25.18  15.0 -30.00  -100.00  0.0
121.62  25.18  16.0 -30.00  -100.00  0.0
121.62  25.18  17.0 -30.00  -100.00  0.0
121.62  25.18  18.0 -30.00  -100.00  0.0
121.62  25.18  19.0 -30.00  -100.00  0.0
121.63  25.18  11.0 -30.00  -100.00  0.0
121.63  25.18  12.0 -30.00  -100.00  0.0
121.63  25.18  13.0 -30.00  -100.00  0.0
121.63  25.18  14.0 -30.00  -100.00  0.0
121.63  25.18  15.0 -30.00  -100.00  0.0
121.63  25.18  16.0 -30.00  -100.00  0.0
121.63  25.18  17.0 -30.00  -100.00  0.0
121.63  25.18  18.0 -30.00  -100.00  0.0
121.63  25.18  19.0 -30.00  -100.00  0.0
121.63  25.18  12.0 -30.00  -100.00  0.0
121.63  25.18  13.0 -30.00  -100.00  0.0
121.63  25.18  14.0 -30.00  -100.00  0.0
121.63  25.18  15.0 -30.00  -100.00  0.0
121.63  25.18  16.0 -30.00  -100.00  0.0
121.63  25.18  17.0 -30.00  -100.00  0.0
121.63  25.18  18.0 -30.00  -100.00  0.0
121.64  25.18  12.0 -30.00  -100.00  0.0
121.64  25.18  13.0 -30.00  -100.00  0.0
121.64  25.18  14.0 -30.00  -100.00  0.0
121.64  25.18  15.0 -30.00  -100.00  0.0
121.64  25.18  16.0 -30.00  -100.00  0.0
121.64  25.18  17.0 -30.00  -100.00  0.0
121.64  25.18  18.0 -30.00  -100.00  0.0
121.64  25.18  12.0 -30.00  -100.00  0.0
121.64  25.18  13.0 -30.00  -100.00  0.0
121.64  25.18  14.0 -30.00  -100.00  0.0
121.64  25.18  15.0 -30.00  -100.00  0.0
121.64  25.18  16.0 -30.00  -100.00  0.0
121.64  25.18  17.0 -30.00  -100.00  0.0
121.64  25.18  18.0 -30.00  -100.00  0.0
121.65  25.18  13.0 -30.00  -100.00  0.0
121.65  25.18  14.0 -30.00  -100.00  0.0
121.65  25.18  15.0 -30.00  -100.00  0.0
121.65  25.18  16.0 -30.00  -100.00  0.0
121.65  25.18  17.0 -30.00  -100.00  0.0
121.65  25.18  13.0 -30.00  -100.00  0.0
121.65  25.18  14.0 -30.00  -100.00  0.0
121.65  25.18  15.0 -30.00  -100.00  0.0
121.65  25.18  16.0 -30.00  -100.00  0.0
121.65  25.18  17.0 -30.00  -100.00  0.0
121.66  25.18  15.0 -30.00  -100.00  0.0
121.58  25.19  14.0 -30.00  -100.00  0.0
121.58  25.19  15.0 -30.00  -100.00  0.0
121.58  25.19  16.0 -30.00  -100.00  0.0
121.59  25.19  13.0 -30.00  -100.00  0.0
121.59  25.19  14.0 -30.00  -100.00  0.0
121.59  25.19  15.0 -30.00  -100.00  0.0
121.59  25.19  16.0 -30.00  -100.00  0.0
121.59  25.19  17.0 -30.00  -100.00  0.0
121.59  25.19  12.0 -30.00  -100.00  0.0
121.59  25.19  13.0 -30.00  -100.00  0.0
121.59  25.19  14.0 -30.00  -100.00  0.0
121.59  25.19  15.0 -30.00  -100.00  0.0
121.59  25.19  16.0 -30.00  -100.00  0.0
121.59  25.19  17.0 -30.00  -100.00  0.0
121.59  25.19  18.0 -30.00  -100.00  0.0
121.60  25.19  12.0 -30.00  -100.00  0.0
121.60  25.19  13.0 -30.00  -100.00  0.0
121.60  25.19  14.0 -30.00  -100.00  0.0
121.60  25.19  15.0 -30.00  -100.00  0.0
121.60  25.19  16.0 -30.00  -100.00  0.0
121.60  25.19  17.0 -30.00  -100.00  0.0
121.60  25.19  18.0 -30.00  -100.00  0.0
121.60  25.19  11.0 -30.00  -100.00  0.0
121.60  25.19  12.0 -30.00  -100.00  0.0
121.60  25.19  13.0 -30.00  -100.00  0.0
121.60  25.19  14.0 -30.00  -100.00  0.0
121.60  25.19  15.0 -30.00  -100.00  0.0
121.60  25.19  16.0 -30.00  -100.00  0.0
121.60  25.19  17.0 -30.00  -100.00  0.0
121.60  25.19  18.0 -30.00  -100.00  0.0
121.60  25.19  19.0 -30.00  -100.00  0.0
121.61  25.19  11.0 -30.00  -100.00  0.0
121.61  25.19  12.0 -30.00  -100.00  0.0
121.61  25.19  13.0 -30.00  -100.00  0.0
121.61  25.19  14.0 -30.00  -100.00  0.0
121.61  25.19  15.0 -30.00  -100.00  0.0
121.61  25.19  16.0 -30.00  -100.00  0.0
121.61  25.19  17.0 -30.00  -100.00  0.0
121.61  25.19  18.0 -30.00  -100.00  0.0
121.61  25.19  19.0 -30.00  -100.00  0.0
121.61  25.19  11.0 -30.00  -100.00  0.0
121.61  25.19  12.0 -30.00  -100.00  0.0
121.61  25.19  13.0 -30.00  -100.00  0.0
121.61  25.19  14.0 -30.00  -100.00  0.0
121.61  25.19  15.0 -30.00  -100.00  0.0
121.61  25.19  16.0 -30.00  -100.00  0.0
121.61  25.19  17.0 -30.00  -100.00  0.0
121.61  25.19  18.0 -30.00  -100.00  0.0
121.61  25.19  19.0 -30.00  -100.00  0.0
121.62  25.19  11.0 -30.00  -100.00  0.0
121.62  25.19  12.0 -30.00  -100.00  0.0
121.62  25.19  13.0 -30.00  -100.00  0.0
121.62  25.19  14.0 -30.00  -100.00  0.0
121.62  25.19  15.0 -30.00  -100.00  0.0
121.62  25.19  16.0 -30.00  -100.00  0.0
121.62  25.19  17.0 -30.00  -100.00  0.0
121.62  25.19  18.0 -30.00  -100.00  0.0
121.62  25.19  19.0 -30.00  -100.00  0.0
121.62  25.19  11.0 -30.00  -100.00  0.0
121.62  25.19  12.0 -30.00  -100.00  0.0
121.62  25.19  13.0 -30.00  -100.00  0.0
121.62  25.19  14.0 -30.00  -100.00  0.0
121.62  25.19  15.0 -30.00  -100.00  0.0
121.62  25.19  16.0 -30.00  -100.00  0.0
121.62  25.19  17.0 -30.00  -100.00  0.0
121.62  25.19  18.0 -30.00  -100.00  0.0
121.62  25.19  19.0 -30.00  -100.00  0.0
121.63  25.19  11.0 -30.00  -100.00  0.0
121.63  25.19  12.0 -30.00  -100.00  0.0
121.63  25.19  13.0 -30.00  -100.00  0.0
121.63  25.19  14.0 -30.00  -100.00  0.0
121.63  25.19  15.0 -30.00  -100.00  0.0
121.63  25.19  16.0 -30.00  -100.00  0.0
121.63  25.19  17.0 -30.00  -100.00  0.0
121.63  25.19  18.0 -30.00  -100.00  0.0
121.63  25.19  19.0 -30.00  -100.00  0.0
121.63  25.19  11.0 -30.00  -100.00  0.0
121.63  25.19  12.0 -30.00  -100.00  0.0
121.63  25.19  13.0 -30.00  -100.00  0.0
121.63  25.19  14.0 -30.00  -100.00  0.0
121.63  25.19  15.0 -30.00  -100.00  0.0
121.63  25.19  16.0 -30.00  -100.00  0.0
121.63  25.19  17.0 -30.00  -100.00  0.0
121.63  25.19  18.0 -30.00  -100.00  0.0
121.63  25.19  19.0 -30.00  -100.00  0.0
121.64  25.19  11.0 -30.00  -100.00  0.0
121.64  25.19  12.0 -30.00  -100.00  0.0
121.64  25.19  13.0 -30.00  -100.00  0.0
121.64  25.19  14.0 -30.00  -100.00  0.0
121.64  25.19  15.0 -30.00  -100.00  0.0
121.64  25.19  16.0 -30.00  -100.00  0.0
121.64  25.19  17.0 -30.00  -100.00  0.0
121.64  25.19  18.0 -30.00  -100.00  0.0
121.64  25.19  19.0 -30.00  -100.00  0.0
121.64  25.19  12.0 -30.00  -100.00  0.0
121.64  25.19  13.0 -30.00  -100.00  0.0
121.64  25.19  14.0 -30.00  -100.00  0.0
121.64  25.19  15.0 -30.00  -100.00  0.0
121.64  25.19  16.0 -30.00  -100.00  0.0
121.64  25.19  17.0 -30.00  -100.00  0.0
121.64  25.19  18.0 -30.00  -100.00  0.0
121.65  25.19  12.0 -30.00  -100.00  0.0
121.65  25.19  13.0 -30.00  -100.00  0.0
121.65  25.19  14.0 -30.00  -100.00  0.0
121.65  25.19  15.0 -30.00  -100.00  0.0
121.65  25.19  16.0 -30.00  -100.00  0.0
121.65  25.19  17.0 -30.00  -100.00  0.0
121.65  25.19  18.0 -30.00  -100.00  0.0
121.65  25.19  13.0 -30.00  -100.00  0.0
121.65  25.19  14.0 -30.00  -100.00  0.0
121.65  25.19  15.0 -30.00  -100.00  0.0
121.65  25.19  16.0 -30.00  -100.00  0.0
121.65  25.19  17.0 -30.00  -100.00  0.0
121.66  25.19  14.0 -30.00  -100.00  0.0
121.66  25.19  15.0 -30.00  -100.00  0.0
121.66  25.19  16.0 -30.00  -100.00  0.0
121.58  25.19  13.0 -30.00  -100.00  0.0
121.58  25.19  14.0 -30.00  -100.00  0.0
121.58  25.19  15.0 -30.00  -100.00  0.0
121.58  25.19  16.0 -30.00  -100.00  0.0
121.58  25.19  17.0 -30.00  -100.00  0.0
121.59  25.19  13.0 -30.00  -100.00  0.0
121.59  25.19  14.0 -30.00  -100.00  0.0
121.59  25.19  15.0 -30.00  -100.00  0.0
121.59  25.19  16.0 -30.00  -100.00  0.0
121.59  25.19  17.0 -30.00  -100.00  0.0
121.59  25.19  12.0 -30.00  -100.00  0.0
121.59  25.19  13.0 -30.00  -100.00  0.0
121.59  25.19  14.0 -30.00  -100.00  0.0
121.59  25.19  15.0 -30.00  -100.00  0.0
121.59  25.19  16.0 -30.00  -100.00  0.0
121.59  25.19  17.0 -30.00  -100.00  0.0
121.59  25.19  18.0 -30.00  -100.00  0.0
121.60  25.19  12.0 -30.00  -100.00  0.0
121.60  25.19  13.0 -30.00  -100.00  0.0
121.60  25.19  14.0 -30.00  -100.00  0.0
121.60  25.19  15.0 -30.00  -100.00  0.0
121.60  25.19  16.0 -30.00  -100.00  0.0
121.60  25.19  17.0 -30.00  -100.00  0.0
121.60  25.19  18.0 -30.00  -100.00  0.0
121.60  25.19  11.0 -30.00  -100.00  0.0
121.60  25.19  12.0 -30.00  -100.00  0.0
121.60  25.19  13.0 -30.00  -100.00  0.0
121.60  25.19  14.0 -30.00  -100.00  0.0
121.60  25.19  15.0 -30.00  -100.00  0.0
121.60  25.19  16.0 -30.00  -100.00  0.0
121.60  25.19  17.0 -30.00  -100.00  0.0
121.60  25.19  18.0 -30.00  -100.00  0.0
121.60  25.19  19.0 -30.00  -100.00  0.0
121.61  25.19  11.0 -30.00  -100.00  0.0
121.61  25.19  12.0 -30.00  -100.00  0.0
121.61  25.19  13.0 -30.00  -100.00  0.0
121.61  25.19  14.0 -30.00  -100.00  0.0
121.61  25.19  15.0 -30.00  -100.00  0.0
121.61  25.19  16.0 -30.00  -100.00  0.0
121.61  25.19  17.0 -30.00  -100.00  0.0
121.61  25.19  18.0 -30.00  -100.00  0.0
121.61  25.19  19.0 -30.00  -100.00  0.0
121.61  25.19  11.0 -30.00  -100.00  0.0
121.61  25.19  12.0 -30.00  -100.00  0.0
121.61  25.19  13.0 -30.00  -100.00  0.0
121.61  25.19  14.0 -30.00  -100.00  0.0
121.61  25.19  15.0 -30.00  -100.00  0.0
121.61  25.19  16.0 -30.00  -100.00  0.0
121.61  25.19  17.0 -30.00  -100.00  0.0
121.61  25.19  18.0 -30.00  -100.00  0.0
121.61  25.19  19.0 -30.00  -100.00  0.0
121.62  25.19  11.0 -30.00  -100.00  0.0
121.62  25.19  12.0 -30.00  -100.00  0.0
121.62  25.19  13.0 -30.00  -100.00  0.0
121.62  25.19  14.0 -30.00  -100.00  0.0
121.62  25.19  15.0 -30.00  -100.00  0.0
121.62  25.19  16.0 -30.00  -100.00  0.0
121.62  25.19  17.0 -30.00  -100.00  0.0
121.62  25.19  18.0 -30.00  -100.00  0.0
121.62  25.19  19.0 -30.00  -100.00  0.0
121.62  25.19  11.0 -30.00  -100.00  0.0
121.62  25.19  12.0 -30.00  -100.00  0.0
121.62  25.19  13.0 -30.00  -100.00  0.0
121.62  25.19  14.0 -30.00  -100.00  0.0
121.62  25.19  15.0 -30.00  -100.00  0.0
121.62  25.19  16.0 -30.00  -100.00  0.0
121.62  25.19  17.0 -30.00  -100.00  0.0
121.62  25.19  18.0 -30.00  -100.00  0.0
121.62  25.19  19.0 -30.00  -100.00  0.0
121.63  25.19  11.0 -30.00  -100.00  0.0
121.63  25.19  12.0 -30.00  -100.00  0.0
121.63  25.19  13.0 -30.00  -100.00  0.0
121.63  25.19  14.0 -30.00  -100.00  0.0
121.63  25.19  15.0 -30.00  -100.00  0.0
121.63  25.19  16.0 -30.00  -100.00  0.0
121.63  25.19  17.0 -30.00  -100.00  0.0
121.63  25.19  18.0 -30.00  -100.00  0.0
121.63  25.19  19.0 -30.00  -100.00  0.0
121.63  25.19  11.0 -30.00  -100.00  0.0
121.63  25.19  12.0 -30.00  -100.00  0.0
121.63  25.19  13.0 -30.00  -100.00  0.0
121.63  25.19  14.0 -30.00  -100.00  0.0
121.63  25.19  15.0 -30.00  -100.00  0.0
121.63  25.19  16.0 -30.00  -100.00  0.0
121.63  25.19  17.0 -30.00  -100.00  0.0
121.63  25.19  18.0 -30.00  -100.00  0.0
121.63  25.19  19.0 -30.00  -100.00  0.0
121.64  25.19  11.0 -30.00  -100.00  0.0
121.64  25.19  12.0 -30.00  -100.00  0.0
121.64  25.19  13.0 -30.00  -100.00  0.0
121.64  25.19  14.0 -30.00  -100.00  0.0
121.64  25.19  15.0 -30.00  -100.00  0.0
121.64  25.19  16.0 -30.00  -100.00  0.0
121.64  25.19  17.0 -30.00  -100.00  0.0
121.64  25.19  18.0 -30.00  -100.00  0.0
121.64  25.19  19.0 -30.00  -100.00  0.0
121.64  25.19  11.0 -30.00  -100.00  0.0
121.64  25.19  12.0 -30.00  -100.00  0.0
121.64  25.19  13.0 -30.00  -100.00  0.0
121.64  25.19  14.0 -30.00  -100.00  0.0
121.64  25.19  15.0 -30.00  -100.00  0.0
121.64  25.19  16.0 -30.00  -100.00  0.0
121.64  25.19  17.0 -30.00  -100.00  0.0
121.64  25.19  18.0 -30.00  -100.00  0.0
121.64  25.19  19.0 -30.00  -100.00  0.0
121.65  25.19  12.0 -30.00  -100.00  0.0
121.65  25.19  13.0 -30.00  -100.00  0.0
121.65  25.19  14.0 -30.00  -100.00  0.0
121.65  25.19  15.0 -30.00  -100.00  0.0
121.65  25.19  16.0 -30.00  -100.00  0.0
121.65  25.19  17.0 -30.00  -100.00  0.0
121.65  25.19  18.0 -30.00  -100.00  0.0
121.65  25.19  12.0 -30.00  -100.00  0.0
121.65  25.19  13.0 -30.00  -100.00  0.0
121.65  25.19  14.0 -30.00  -100.00  0.0
121.65  25.19  15.0 -30.00  -100.00  0.0
121.65  25.19  16.0 -30.00  -100.00  0.0
121.65  25.19  17.0 -30.00  -100.00  0.0
121.65  25.19  18.0 -30.00  -100.00  0.0
121.66  25.19  13.0 -30.00  -100.00  0.0
121.66  25.19  14.0 -30.00  -100.00  0.0
121.66  25.19  15.0 -30.00  -100.00  0.0
121.66  25.19  16.0 -30.00  -100.00  0.0
121.66  25.19  17.0 -30.00  -100.00  0.0
121.66  25.19  15.0 -30.00  -100.00  0.0
121.58  25.20  15.0 -30.00  -100.00  0.0
121.58  25.20  13.0 -30.00  -100.00  0.0
121.58  25.20  14.0 -30.00  -100.00  0.0
121.58  25.20  15.0 -30.00  -100.00  0.0
121.58  25.20  16.0 -30.00  -100.00  0.0
121.58  25.20  17.0 -30.00  -100.00  0.0
121.59  25.20  12.0 -30.00  -100.00  0.0
121.59  25.20  13.0 -30.00  -100.00  0.0
121.59  25.20  14.0 -30.00  -100.00  0.0
121.59  25.20  15.0 -30.00  -100.00  0.0
121.59  25.20  16.0 -30.00  -100.00  0.0
121.59  25.20  17.0 -30.00  -100.00  0.0
121.59  25.20  18.0 -30.00  -100.00  0.0
121.59  25.20  12.0 -30.00  -100.00  0.0
121.59  25.20  13.0 -30.00  -100.00  0.0
121.59  25.20  14.0 -30.00  -100.00  0.0
121.59  25.20  15.0 -30.00  -100.00  0.0
121.59  25.20  16.0 -30.00  -100.00  0.0
121.59  25.20  17.0 -30.00  -100.00  0.0
121.59  25.20  18.0 -30.00  -100.00  0.0
121.60  25.20  11.0 -30.00  -100.00  0.0
121.60  25.20  12.0 -30.00  -100.00  0.0
121.60  25.20  13.0 -30.00  -100.00  0.0
121.60  25.20  14.0 -30.00  -100.00  0.0
121.60  25.20  15.0 -30.00  -100.00  0.0
121.60  25.20  16.0 -30.00  -100.00  0.0
121.60  25.20  17.0 -30.00  -100.00  0.0
121.60  25.20  18.0 -30.00  -100.00  0.0
121.60  25.20  19.0 -30.00  -100.00  0.0
121.60  25.20  11.0 -30.00  -100.00  0.0
121.60  25.20  12.0 -30.00  -100.00  0.0
121.60  25.20  13.0 -30.00  -100.00  0.0
121.60  25.20  14.0 -30.00  -100.00  0.0
121.60  25.20  15.0 -30.00  -100.00  0.0
121.60  25.20  16.0 -30.00  -100.00  0.0
121.60  25.20  17.0 -30.00  -100.00  0.0
121.60  25.20  18.0 -30.00  -100.00  0.0
121.60  25.20  19.0 -30.00  -100.00  0.0
121.61  25.20  11.0 -30.00  -100.00  0.0
121.61  25.20  12.0 -30.00  -100.00  0.0
121.61  25.20  13.0 -30.00  -100.00  0.0
121.61  25.20  14.0 -30.00  -100.00  0.0
121.61  25.20  15.0 -30.00  -100.00  0.0
121.61  25.20  16.0 -30.00  -100.00  0.0
121.61  25.20  17.0 -30.00  -100.00  0.0
121.61  25.20  18.0 -30.00  -100.00  0.0
121.61  25.20  19.0 -30.00  -100.00  0.0
121.61  25.20  11.0 -30.00  -100.00  0.0
121.61  25.20  12.0 -30.00  -100.00  0.0
121.61  25.20  13.0 -30.00  -100.00  0.0
121.61  25.20  14.0 -30.00  -100.00  0.0
121.61  25.20  15.0 -30.00  -100.00  0.0
121.61  25.20  16.0 -30.00  -100.00  0.0
121.61  25.20  17.0 -30.00  -100.00  0.0
121.61  25.20  18.0 -30.00  -100.00  0.0
121.61  25.20  19.0 -30.00  -100.00  0.0
121.62  25.20  11.0 -30.00  -100.00  0.0
121.62  25.20  12.0 -30.00  -100.00  0.0
121.62  25.20  13.0 -30.00  -100.00  0.0
121.62  25.20  14.0 -30.00  -100.00  0.0
121.62  25.20  15.0 -30.00  -100.00  0.0
121.62  25.20  16.0 -30.00  -100.00  0.0
121.62  25.20  17.0 -30.00  -100.00  0.0
121.62  25.20  18.0 -30.00  -100.00  0.0
121.62  25.20  19.0 -30.00  -100.00  0.0
121.62  25.20  11.0 -30.00  -100.00  0.0
121.62  25.20  12.0 -30.00  -100.00  0.0
121.62  25.20  13.0 -30.00  -100.00  0.0
121.62  25.20  14.0 -30.00  -100.00  0.0
121.62  25.20  15.0 -30.00  -100.00  0.0
121.62  25.20  16.0 -30.00  -100.00  0.0
121.62  25.20  17.0 -30.00  -100.00  0.0
121.62  25.20  18.0 -30.00  -100.00  0.0
121.62  25.20  19.0 -30.00  -100.00  0.0
121.63  25.20  11.0 -30.00  -100.00  0.0
121.63  25.20  12.0 -30.00  -100.00  0.0
121.63  25.20  13.0 -30.00  -100.00  0.0
121.63  25.20  14.0 -30.00  -100.00  0.0
121.63  25.20  15.0 -30.00  -100.00  0.0
121.63  25.20  16.0 -30.00  -100.00  0.0
121.63  25.20  17.0 -30.00  -100.00  0.0
121.63  25.20  18.0 -30.00  -100.00  0.0
121.63  25.20  19.0 -30.00  -100.00  0.0
121.63  25.20  11.0 -30.00  -100.00  0.0
121.63  25.20  12.0 -30.00  -100.00  0.0
121.63  25.20  13.0 -30.00  -100.00  0.0
121.63  25.20  14.0 -30.00  -100.00  0.0
121.63  25.20  15.0 -30.00  -100.00  0.0
121.63  25.20  16.0 -30.00  -100.00  0.0
121.63  25.20  17.0 -30.00  -100.00  0.0
121.63  25.20  18.0 -30.00  -100.00  0.0
121.63  25.20  19.0 -30.00  -100.00  0.0
121.64  25.20  11.0 -30.00  -100.00  0.0
121.64  25.20  12.0 -30.00  -100.00  0.0
121.64  25.20  13.0 -30.00  -100.00  0.0
121.64  25.20  14.0 -30.00  -100.00  0.0
121.64  25.20  15.0 -30.00  -100.00  0.0
121.64  25.20  16.0 -30.00  -100.00  0.0
121.64  25.20  17.0 -30.00  -100.00  0.0
121.64  25.20  18.0 -30.00  -100.00  0.0
121.64  25.20  19.0 -30.00  -100.00  0.0
121.64  25.20  11.0 -30.00  -100.00  0.0
121.64  25.20  12.0 -30.00  -100.00  0.0
121.64  25.20  13.0 -30.00  -100.00  0.0
121.64  25.20  14.0 -30.00  -100.00  0.0
121.64  25.20  15.0 -30.00  -100.00  0.0
121.64  25.20  16.0 -30.00  -100.00  0.0
121.64  25.20  17.0 -30.00  -100.00  0.0
121.64  25.20  18.0 -30.00  -100.00  0.0
121.64  25.20  19.0 -30.00  -100.00  0.0
121.65  25.20  12.0 -30.00  -100.00  0.0
121.65  25.20  13.0 -30.00  -100.00  0.0
121.65  25.20  14.0 -30.00  -100.00  0.0
121.65  25.20  15.0 -30.00  -100.00  0.0
121.65  25.20  16.0 -30.00  -100.00  0.0
121.65  25.20  17.0 -30.00  -100.00  0.0
121.65  25.20  18.0 -30.00  -100.00  0.0
121.65  25.20  12.0 -30.00  -100.00  0.0
121.65  25.20  13.0 -30.00  -100.00  0.0
121.65  25.20  14.0 -30.00  -100.00  0.0
121.65  25.20  15.0 -30.00  -100.00  0.0
121.65  25.20  16.0 -30.00  -100.00  0.0
121.65  25.20  17.0 -30.00  -100.00  0.0
121.65  25.20  18.0 -30.00  -100.00  0.0
121.66  25.20  13.0 -30.00  -100.00  0.0
121.66  25.20  14.0 -30.00  -100.00  0.0
121.66  25.20  15.0 -30.00  -100.00  0.0
121.66  25.20  16.0 -30.00  -100.00  0.0
121.66  25.20  17.0 -30.00  -100.00  0.0
121.66  25.20  14.0 -30.00  -100.00  0.0
121.66  25.20  15.0 -30.00  -100.00  0.0
121.66  25.20  16.0 -30.00  -100.00  0.0
121.58  25.20  14.0 -30.00  -100.00  0.0
121.58  25.20  15.0 -30.00  -100.00  0.0
121.58  25.20  16.0 -30.00  -100.00  0.0
121.58  25.20  13.0 -30.00  -100.00  0.0
121.58  25.20  14.0 -30.00  -100.00  0.0
121.58  25.20  15.0 -30.00  -100.00  0.0
121.58  25.20  16.0 -30.00  -100.00  0.0
121.58  25.20  17.0 -30.00  -100.00  0.0
121.59  25.20  12.0 -30.00  -100.00  0.0
121.59  25.20  13.0 -30.00  -100.00  0.0
121.59  25.20  14.0 -30.00  -100.00  0.0
121.59  25.20  15.0 -30.00  -100.00  0.0
121.59  25.20  16.0 -30.00  -100.00  0.0
121.59  25.20  17.0 -30.00  -100.00  0.0
121.59  25.20  18.0 -30.00  -100.00  0.0
121.59  25.20  12.0 -30.00  -100.00  0.0
121.59  25.20  13.0 -30.00  -100.00  0.0
121.59  25.20  14.0 -30.00  -100.00  0.0
121.59  25.20  15.0 -30.00  -100.00  0.0
121.59  25.20  16.0 -30.00  -100.00  0.0
121.59  25.20  17.0 -30.00  -100.00  0.0
121.59  25.20  18.0 -30.00  -100.00  0.0
121.60  25.20  11.0 -30.00  -100.00  0.0
121.60  25.20  12.0 -30.00  -100.00  0.0
121.60  25.20  13.0 -30.00  -100.00  0.0
121.60  25.20  14.0 -30.00  -100.00  0.0
121.60  25.20  15.0 -30.00  -100.00  0.0
121.60  25.20  16.0 -30.00  -100.00  0.0
121.60  25.20  17.0 -30.00  -100.00  0.0
121.60  25.20  18.0 -30.00  -100.00  0.0
121.60  25.20  19.0 -30.00  -100.00  0.0
121.60  25.20  11.0 -30.00  -100.00  0.0
121.60  25.20  12.0 -30.00  -100.00  0.0
121.60  25.20  13.0 -30.00  -100.00  0.0
121.60  25.20  14.0 -30.00  -100.00  0.0
121.60  25.20  15.0 -30.00  -100.00  0.0
121.60  25.20  16.0 -30.00  -100.00  0.0
121.60  25.20  17.0 -30.00  -100.00  0.0
121.60  25.20  18.0 -30.00  -100.00  0.0
121.60  25.20  19.0 -30.00  -100.00  0.0
121.61  25.20  11.0 -30.00  -100.00  0.0
121.61  25.20  12.0 -30.00  -100.00  0.0
121.61  25.20  13.0 -30.00  -100.00  0.0
121.61  25.20  14.0 -30.00  -100.00  0.0
121.61  25.20  15.0 -30.00  -100.00  0.0
121.61  25.20  16.0 -30.00  -100.00  0.0
121.61  25.20  17.0 -30.00  -100.00  0.0
121.61  25.20  18.0 -30.00  -100.00  0.0
121.61  25.20  19.0 -30.00  -100.00  0.0
121.61  25.20  11.0 -30.00  -100.00  0.0
121.61  25.20  12.0 -30.00  -100.00  0.0
121.61  25.20  13.0 -30.00  -100.00  0.0
121.61  25.20  14.0 -30.00  -100.00  0.0
121.61  25.20  15.0 -30.00  -100.00  0.0
121.61  25.20  16.0 -30.00  -100.00  0.0
121.61  25.20  17.0 -30.00  -100.00  0.0
121.61  25.20  18.0 -30.00  -100.00  0.0
121.61  25.20  19.0 -30.00  -100.00  0.0
121.62  25.20  11.0 -30.00  -100.00  0.0
121.62  25.20  12.0 -30.00  -100.00  0.0
121.62  25.20  13.0 -30.00  -100.00  0.0
121.62  25.20  14.0 -30.00  -100.00  0.0
121.62  25.20  15.0 -30.00  -100.00  0.0
121.62  25.20  16.0 -30.00  -100.00  0.0
121.62  25.20  17.0 -30.00  -100.00  0.0
121.62  25.20  18.0 -30.00  -100.00  0.0
121.62  25.20  19.0 -30.00  -100.00  0.0
121.62  25.20  11.0 -30.00  -100.00  0.0
121.62  25.20  12.0 -30.00  -100.00  0.0
121.62  25.20  13.0 -30.00  -100.00  0.0
121.62  25.20  14.0 -30.00  -100.00  0.0
121.62  25.20  15.0 -30.00  -100.00  0.0
121.62  25.20  16.0 -30.00  -100.00  0.0
121.62  25.20  17.0 -30.00  -100.00  0.0
121.62  25.20  18.0 -30.00  -100.00  0.0
121.62  25.20  19.0 -30.00  -100.00  0.0
121.63  25.20  11.0 -30.00  -100.00  0.0
121.63  25.20  12.0 -30.00  -100.00  0.0
121.63  25.20  13.0 -30.00  -100.00  0.0
121.63  25.20  14.0 -30.00  -100.00  0.0
121.63  25.20  15.0 -30.00  -100.00  0.0
121.63  25.20  16.0 -30.00  -100.00  0.0
121.63  25.20  17.0 -30.00  -100.00  0.0
121.63  25.20  18.0 -30.00  -100.00  0.0
121.63  25.20  19.0 -30.00  -100.00  0.0
121.63  25.20  11.0 -30.00  -100.00  0.0
121.63  25.20  12.0 -30.00  -100.00  0.0
121.63  25.20  13.0 -30.00  -100.00  0.0
121.63  25.20  14.0 -30.00  -100.00  0.0
121.63  25.20  15.0 -30.00  -100.00  0.0
121.63  25.20  16.0 -30.00  -100.00  0.0
121.63  25.20  17.0 -30.00  -100.00  0.0
121.63  25.20  18.0 -30.00  -100.00  0.0
121.63  25.20  19.0 -30.00  -100.00  0.0
121.64  25.20  11.0 -30.00  -100.00  0.0
121.64  25.20  12.0 -30.00  -100.00  0.0
121.64  25.20  13.0 -30.00  -100.00  0.0
121.64  25.20  14.0 -30.00  -100.00  0.0
121.64  25.20  15.0 -30.00  -100.00  0.0
121.64  25.20  16.0 -30.00  -100.00  0.0
121.64  25.20  17.0 -30.00  -100.00  0.0
121.64  25.20  18.0 -30.00  -100.00  0.0
121.64  25.20  19.0 -30.00  -100.00  0.0
121.64  25.20  11.0 -30.00  -100.00  0.0
121.64  25.20  12.0 -30.00  -100.00  0.0
121.64  25.20  13.0 -30.00  -100.00  0.0
121.64  25.20  14.0 -30.00  -100.00  0.0
121.64  25.20  15.0 -30.00  -100.00  0.0
121.64  25.20  16.0 -30.00  -100.00  0.0
121.64  25.20  17.0 -30.00  -100.00  0.0
121.64  25.20  18.0 -30.00  -100.00  0.0
121.64  25.20  19.0 -30.00  -100.00  0.0
121.65  25.20  12.0 -30.00  -100.00  0.0
121.65  25.20  13.0 -30.00  -100.00  0.0
121.65  25.20  14.0 -30.00  -100.00  0.0
121.65  25.20  15.0 -30.00  -100.00  0.0
121.65  25.20  16.0 -30.00  -100.00  0.0
121.65  25.20  17.0 -30.00  -100.00  0.0
121.65  25.20  18.0 -30.00  -100.00  0.0
121.65  25.20  12.0 -30.00  -100.00  0.0
121.65  25.20  13.0 -30.00  -100.00  0.0
121.65  25.20  14.0 -30.00  -100.00  0.0
121.65  25.20  15.0 -30.00  -100.00  0.0
121.65  25.20  16.0 -30.00  -100.00  0.0
121.65  25.20  17.0 -30.00  -100.00  0.0
121.65  25.20  18.0 -30.00  -100.00  0.0
121.66  25.20  13.0 -30.00  -100.00  0.0
121.66  25.20  14.0 -30.00  -100.00  0.0
121.66  25.20  15.0 -30.00  -100.00  0.0
121.66  25.20  16.0 -30.00  -100.00  0.0
121.66  25.20  17.0 -30.00  -100.00  0.0
121.66  25.20  14.0 -30.00  -100.00  0.0
121.66  25.20  15.0 -30.00  -100.00  0.0
121.66  25.20  16.0 -30.00  -100.00  0.0
121.58  25.21  14.0 -30.00  -100.00  0.0
121.58  25.21  15.0 -30.00  -100.00  0.0
121.58  25.21  16.0 -30.00  -100.00  0.0
121.58  25.21  13.0 -30.00  -100.00  0.0
121.58  25.21  14.0 -30.00  -100.00  0.0
121.58  25.21  15.0 -30.00  -100.00  0.0
121.58  25.21  16.0 -30.00  -100.00  0.0
121.58  25.21  17.0 -30.00  -100.00  0.0
121.59  25.21  12.0 -30.00  -100.00  0.0
121.59  25.21  13.0 -30.00  -100.00  0.0
121.59  25.21  14.0 -30.00  -100.00  0.0
121.59  25.21  15.0 -30.00  -100.00  0.0
121.59  25.21  16.0 -30.00  -100.00  0.0
121.59  25.21  17.0 -30.00  -100.00  0.0
121.59  25.21  18.0 -30.00  -100.00  0.0
121.59  25.21  12.0 -30.00  -100.00  0.0
121.59  25.21  13.0 -30.00  -100.00  0.0
121.59  25.21  14.0 -30.00  -100.00  0.0
121.59  25.21  15.0 -30.00  -100.00  0.0
121.59  25.21  16.0 -30.00  -100.00  0.0
121.59  25.21  17.0 -30.00  -100.00  0.0
121.59  25.21  18.0 -30.00  -100.00  0.0
121.60  25.21  11.0 -30.00  -100.00  0.0
121.60  25.21  12.0 -30.00  -100.00  0.0
121.60  25.21  13.0 -30.00  -100.00  0.0
121.60  25.21  14.0 -30.00  -100.00  0.0
121.60  25.21  15.0 -30.00  -100.00  0.0
121.60  25.21  16.0 -30.00  -100.00  0.0
121.60  25.21  17.0 -30.00  -100.00  0.0
121.60  25.21  18.0 -30.00  -100.00  0.0
121.60  25.21  19.0 -30.00  -100.00  0.0
121.60  25.21  11.0 -30.00  -100.00  0.0
121.60  25.21  12.0 -30.00  -100.00  0.0
121.60  25.21  13.0 -30.00  -100.00  0.0
121.60  25.21  14.0 -30.00  -100.00  0.0
121.60  25.21  15.0 -30.00  -100.00  0.0
121.60  25.21  16.0 -30.00  -100.00  0.0
121.60  25.21  17.0 -30.00  -100.00  0.0
121.60  25.21  18.0 -30.00  -100.00  0.0
121.60  25.21  19.0 -30.00  -100.00  0.0
121.61  25.21  11.0 -30.00  -100.00  0.0
121.61  25.21  12.0 -30.00  -100.00  0.0
121.61  25.21  13.0 -30.00  -100.00  0.0
121.61  25.21  14.0 -30.00  -100.00  0.0
121.61  25.21  15.0 -30.00  -100.00  0.0
121.61  25.21  16.0 -30.00  -100.00  0.0
121.61  25.21  17.0 -30.00  -100.00  0.0
121.61  25.21  18.0 -30.00  -100.00  0.0
121.61  25.21  19.0 -30.00  -100.00  0.0
121.61  25.21  11.0 -30.00  -100.00  0.0
121.61  25.21  12.0 -30.00  -100.00  0.0
121.61  25.21  13.0 -30.00  -100.00  0.0
121.61  25.21  14.0 -30.00  -100.00  0.0
121.61  25.21  15.0 -30.00  -100.00  0.0
121.61  25.21  16.0 -30.00  -100.00  0.0
121.61  25.21  17.0 -30.00  -100.00  0.0
121.61  25.21  18.0 -30.00  -100.00  0.0
121.61  25.21  19.0 -30.00  -100.00  0.0
121.62  25.21  11.0 -30.00  -100.00  0.0
121.62  25.21  12.0 -30.00  -100.00  0.0
121.62  25.21  13.0 -30.00  -100.00  0.0
121.62  25.21  14.0 -30.00  -100.00  0.0
121.62  25.21  15.0 -30.00  -100.00  0.0
121.62  25.21  16.0 -30.00  -100.00  0.0
121.62  25.21  17.0 -30.00  -100.00  0.0
121.62  25.21  18.0 -30.00  -100.00  0.0
121.62  25.21  19.0 -30.00  -100.00  0.0
121.62  25.21  11.0 -30.00  -100.00  0.0
121.62  25.21  12.0 -30.00  -100.00  0.0
121.62  25.21  13.0 -30.00  -100.00  0.0
121.62  25.21  14.0 -30.00  -100.00  0.0
121.62  25.21  15.0 -30.00  -100.00  0.0
121.62  25.21  16.0 -30.00  -100.00  0.0
121.62  25.21  17.0 -30.00  -100.00  0.0
121.62  25.21  18.0 -30.00  -100.00  0.0
121.62  25.21  19.0 -30.00  -100.00  0.0
121.63  25.21  11.0 -30.00  -100.00  0.0
121.63  25.21  12.0 -30.00  -100.00  0.0
121.63  25.21  13.0 -30.00  -100.00  0.0
121.63  25.21  14.0 -30.00  -100.00  0.0
121.63  25.21  15.0 -30.00  -100.00  0.0
121.63  25.21  16.0 -30.00  -100.00  0.0
121.63  25.21  17.0 -30.00  -100.00  0.0
121.63  25.21  18.0 -30.00  -100.00  0.0
121.63  25.21  19.0 -30.00  -100.00  0.0
121.63  25.21  11.0 -30.00  -100.00  0.0
121.63  25.21  12.0 -30.00  -100.00  0.0
121.63  25.21  13.0 -30.00  -100.00  0.0
121.63  25.21  14.0 -30.00  -100.00  0.0
121.63  25.21  15.0 -30.00  -100.00  0.0
121.63  25.21  16.0 -30.00  -100.00  0.0
121.63  25.21  17.0 -30.00  -100.00  0.0
121.63  25.21  18.0 -30.00  -100.00  0.0
121.63  25.21  19.0 -30.00  -100.00  0.0
121.64  25.21  11.0 -30.00  -100.00  0.0
121.64  25.21  12.0 -30.00  -100.00  0.0
121.64  25.21  13.0 -30.00  -100.00  0.0
121.64  25.21  14.0 -30.00  -100.00  0.0
121.64  25.21  15.0 -30.00  -100.00  0.0
121.64  25.21  16.0 -30.00  -100.00  0.0
121.64  25.21  17.0 -30.00  -100.00  0.0
121.64  25.21  18.0 -30.00  -100.00  0.0
121.64  25.21  19.0 -30.00  -100.00  0.0
121.64  25.21  11.0 -30.00  -100.00  0.0
121.64  25.21  12.0 -30.00  -100.00  0.0
121.64  25.21  13.0 -30.00  -100.00  0.0
121.64  25.21  14.0 -30.00  -100.00  0.0
121.64  25.21  15.0 -30.00  -100.00  0.0
121.64  25.21  16.0 -30.00  -100.00  0.0
121.64  25.21  17.0 -30.00  -100.00  0.0
121.64  25.21  18.0 -30.00  -100.00  0.0
121.64  25.21  19.0 -30.00  -100.00  0.0
121.65  25.21  11.0 -30.00  -100.00  0.0
121.65  25.21  12.0 -30.00  -100.00  0.0
121.65  25.21  13.0 -30.00  -100.00  0.0
121.65  25.21  14.0 -30.00  -100.00  0.0
121.65  25.21  15.0 -30.00  -100.00  0.0
121.65  25.21  16.0 -30.00  -100.00  0.0
121.65  25.21  17.0 -30.00  -100.00  0.0
121.65  25.21  18.0 -30.00  -100.00  0.0
121.65  25.21  19.0 -30.00  -100.00  0.0
121.65  25.21  12.0 -30.00  -100.00  0.0
121.65  25.21  13.0 -30.00  -100.00  0.0
121.65  25.21  14.0 -30.00  -100.00  0.0
121.65  25.21  15.0 -30.00  -100.00  0.0
121.65  25.21  16.0 -30.00  -100.00  0.0
121.65  25.21  17.0 -30.00  -100.00  0.0
121.65  25.21  18.0 -30.00  -100.00  0.0
121.66  25.21  13.0 -30.00  -100.00  0.0
121.66  25.21  14.0 -30.00  -100.00  0.0
121.66  25.21  15.0 -30.00  -100.00  0.0
121.66  25.21  16.0 -30.00  -100.00  0.0
121.66  25.21  17.0 -30.00  -100.00  0.0
121.66  25.21  14.0 -30.00  -100.00  0.0
121.66  25.21  15.0 -30.00  -100.00  0.0
121.66  25.21  16.0 -30.00  -100.00  0.0
121.58  25.21  14.0 -30.00  -100.00  0.0
121.58  25.21  15.0 -30.00  -100.00  0.0
121.58  25.21  16.0 -30.00  -100.00  0.0
121.58  25.21  13.0 -30.00  -100.00  0.0
121.58  25.21  14.0 -30.00  -100.00  0.0
121.58  25.21  15.0 -30.00  -100.00  0.0
121.58  25.21  16.0 -30.00  -100.00  0.0
121.58  25.21  17.0 -30.00  -100.00  0.0
121.59  25.21  12.0 -30.00  -100.00  0.0
121.59  25.21  13.0 -30.00  -100.00  0.0
121.59  25.21  14.0 -30.00  -100.00  0.0
121.59  25.21  15.0 -30.00  -100.00  0.0
121.59  25.21  16.0 -30.00  -100.00  0.0
121.59  25.21  17.0 -30.00  -100.00  0.0
121.59  25.21  18.0 -30.00  -100.00  0.0
121.59  25.21  12.0 -30.00  -100.00  0.0
121.59  25.21  13.0 -30.00  -100.00  0.0
121.59  25.21  14.0 -30.00  -100.00  0.0
121.59  25.21  15.0 -30.00  -100.00  0.0
121.59  25.21  16.0 -30.00  -100.00  0.0
121.59  25.21  17.0 -30.00  -100.00  0.0
121.59  25.21  18.0 -30.00  -100.00  0.0
121.60  25.21  11.0 -30.00  -100.00  0.0
121.60  25.21  12.0 -30.00  -100.00  0.0
121.60  25.21  13.0 -30.00  -100.00  0.0
121.60  25.21  14.0 -30.00  -100.00  0.0
121.60  25.21  15.0 -30.00  -100.00  0.0
121.60  25.21  16.0 -30.00  -100.00  0.0
121.60  25.21  17.0 -30.00  -100.00  0.0
121.60  25.21  18.0 -30.00  -100.00  0.0
121.60  25.21  19.0 -30.00  -100.00  0.0
121.60  25.21  11.0 -30.00  -100.00  0.0
121.60  25.21  12.0 -30.00  -100.00  0.0
121.60  25.21  13.0 -30.00  -100.00  0.0
121.60  25.21  14.0 -30.00  -100.00  0.0
121.60  25.21  15.0 -30.00  -100.00  0.0
121.60  25.21  16.0 -30.00  -100.00  0.0
121.60  25.21  17.0 -30.00  -100.00  0.0
121.60  25.21  18.0 -30.00  -100.00  0.0
121.60  25.21  19.0 -30.00  -100.00  0.0
121.61  25.21  11.0 -30.00  -100.00  0.0
121.61  25.21  12.0 -30.00  -100.00  0.0
121.61  25.21  13.0 -30.00  -100.00  0.0
121.61  25.21  14.0 -30.00  -100.00  0.0
121.61  25.21  15.0 -30.00  -100.00  0.0
121.61  25.21  16.0 -30.00  -100.00  0.0
121.61  25.21  17.0 -30.00  -100.00  0.0
121.61  25.21  18.0 -30.00  -100.00  0.0
121.61  25.21  19.0 -30.00  -100.00  0.0
121.61  25.21  11.0 -30.00  -100.00  0.0
121.61  25.21  12.0 -30.00  -100.00  0.0
121.61  25.21  13.0 -30.00  -100.00  0.0
121.61  25.21  14.0 -30.00  -100.00  0.0
121.61  25.21  15.0 -30.00  -100.00  0.0
121.61  25.21  16.0 -30.00  -100.00  0.0
121.61  25.21  17.0 -30.00  -100.00  0.0
121.61  25.21  18.0 -30.00  -100.00  0.0
121.61  25.21  19.0 -30.00  -100.00  0.0
121.62  25.21  11.0 -30.00  -100.00  0.0
121.62  25.21  12.0 -30.00  -100.00  0.0
121.62  25.21  13.0 -30.00  -100.00  0.0
121.62  25.21  14.0 -30.00  -100.00  0.0
121.62  25.21  15.0 -30.00  -100.00  0.0
121.62  25.21  16.0 -30.00  -100.00  0.0
121.62  25.21  17.0 -30.00  -100.00  0.0
121.62  25.21  18.0 -30.00  -100.00  0.0
121.62  25.21  19.0 -30.00  -100.00  0.0
121.62  25.21  11.0 -30.00  -100.00  0.0
121.62  25.21  12.0 -30.00  -100.00  0.0
121.62  25.21  13.0 -30.00  -100.00  0.0
121.62  25.21  14.0 -30.00  -100.00  0.0
121.62  25.21  15.0 -30.00  -100.00  0.0
121.62  25.21  16.0 -30.00  -100.00  0.0
121.62  25.21  17.0 -30.00  -100.00  0.0
121.62  25.21  18.0 -30.00  -100.00  0.0
121.62  25.21  19.0 -30.00  -100.00  0.0
121.63  25.21  11.0 -30.00  -100.00  0.0
121.63  25.21  12.0 -30.00  -100.00  0.0
121.63  25.21  13.0 -30.00  -100.00  0.0
121.63  25.21  14.0 -30.00  -100.00  0.0
121.63  25.21  15.0 -30.00  -100.00  0.0
121.63  25.21  16.0 -30.00  -100.00  0.0
121.63  25.21  17.0 -30.00  -100.00  0.0
121.63  25.21  18.0 -30.00  -100.00  0.0
121.63  25.21  19.0 -30.00  -100.00  0.0
121.63  25.21  11.0 -30.00  -100.00  0.0
121.63  25.21  12.0 -30.00  -100.00  0.0
121.63  25.21  13.0 -30.00  -100.00  0.0
121.63  25.21  14.0 -30.00  -100.00  0.0
121.63  25.21  15.0 -30.00  -100.00  0.0
121.63  25.21  16.0 -30.00  -100.00  0.0
121.63  25.21  17.0 -30.00  -100.00  0.0
121.63  25.21  18.0 -30.00  -100.00  0.0
121.63  25.21  19.0 -30.00  -100.00  0.0
121.64  25.21  11.0 -30.00  -100.00  0.0
121.64  25.21  12.0 -30.00  -100.00  0.0
121.64  25.21  13.0 -30.00  -100.00  0.0
121.64  25.21  14.0 -30.00  -100.00  0.0
121.64  25.21  15.0 -30.00  -100.00  0.0
121.64  25.21  16.0 -30.00  -100.00  0.0
121.64  25.21  17.0 -30.00  -100.00  0.0
121.64  25.21  18.0 -30.00  -100.00  0.0
121.64  25.21  19.0 -30.00  -100.00  0.0
121.64  25.21  11.0 -30.00  -100.00  0.0
121.64  25.21  12.0 -30.00  -100.00  0.0
121.64  25.21  13.0 -30.00  -100.00  0.0
121.64  25.21  14.0 -30.00  -100.00  0.0
121.64  25.21  15.0 -30.00  -100.00  0.0
121.64  25.21  16.0 -30.00  -100.00  0.0
121.64  25.21  17.0 -30.00  -100.00  0.0
121.64  25.21  18.0 -30.00  -100.00  0.0
121.64  25.21  19.0 -30.00  -100.00  0.0
121.65  25.21  12.0 -30.00  -100.00  0.0
121.65  25.21  13.0 -30.00  -100.00  0.0
121.65  25.21  14.0 -30.00  -100.00  0.0
121.65  25.21  15.0 -30.00  -100.00  0.0
121.65  25.21  16.0 -30.00  -100.00  0.0
121.65  25.21  17.0 -30.00  -100.00  0.0
121.65  25.21  18.0 -30.00  -100.00  0.0
121.65  25.21  12.0 -30.00  -100.00  0.0
121.65  25.21  13.0 -30.00  -100.00  0.0
121.65  25.21  14.0 -30.00  -100.00  0.0
121.65  25.21  15.0 -30.00  -100.00  0.0
121.65  25.21  16.0 -30.00  -100.00  0.0
121.65  25.21  17.0 -30.00  -100.00  0.0
121.65  25.21  18.0 -30.00  -100.00  0.0
121.66  25.21  13.0 -30.00  -100.00  0.0
121.66  25.21  14.0 -30.00  -100.00  0.0
121.66  25.21  15.0 -30.00  -100.00  0.0
121.66  25.21  16.0 -30.00  -100.00  0.0
121.66  25.21  17.0 -30.00  -100.00  0.0
121.66  25.21  14.0 -30.00  -100.00  0.0
121.66  25.21  15.0 -30.00  -100.00  0.0
121.66  25.21  16.0 -30.00  -100.00  0.0
121.58  25.22  15.0 -30.00  -100.00  0.0
121.58  25.22  13.0 -30.00  -100.00  0.0
121.58  25.22  14.0 -30.00  -100.00  0.0
121.58  25.22  15.0 -30.00  -100.00  0.0
121.58  25.22  16.0 -30.00  -100.00  0.0
121.58  25.22  17.0 -30.00  -100.00  0.0
121.59  25.22  12.0 -30.00  -100.00  0.0
121.59  25.22  13.0 -30.00  -100.00  0.0
121.59  25.22  14.0 -30.00  -100.00  0.0
121.59  25.22  15.0 -30.00  -100.00  0.0
121.59  25.22  16.0 -30.00  -100.00  0.0
121.59  25.22  17.0 -30.00  -100.00  0.0
121.59  25.22  18.0 -30.00  -100.00  0.0
121.59  25.22  12.0 -30.00  -100.00  0.0
121.59  25.22  13.0 -30.00  -100.00  0.0
121.59  25.22  14.0 -30.00  -100.00  0.0
121.59  25.22  15.0 -30.00  -100.00  0.0
121.59  25.22  16.0 -30.00  -100.00  0.0
121.59  25.22  17.0 -30.00  -100.00  0.0
121.59  25.22  18.0 -30.00  -100.00  0.0
121.60  25.22  11.0 -30.00  -100.00  0.0
121.60  25.22  12.0 -30.00  -100.00  0.0
121.60  25.22  13.0 -30.00  -100.00  0.0
121.60  25.22  14.0 -30.00  -100.00  0.0
121.60  25.22  15.0 -30.00  -100.00  0.0
121.60  25.22  16.0 -30.00  -100.00  0.0
121.60  25.22  17.0 -30.00  -100.00  0.0
121.60  25.22  18.0 -30.00  -100.00  0.0
121.60  25.22  19.0 -30.00  -100.00  0.0
121.60  25.22  11.0 -30.00  -100.00  0.0
121.60  25.22  12.0 -30.00  -100.00  0.0
121.60  25.22  13.0 -30.00  -100.00  0.0
121.60  25.22  14.0 -30.00  -100.00  0.0
121.60  25.22  15.0 -30.00  -100.00  0.0
121.60  25.22  16.0 -30.00  -100.00  0.0
121.60  25.22  17.0 -30.00  -100.00  0.0
121.60  25.22  18.0 -30.00  -100.00  0.0
121.60  25.22  19.0 -30.00  -100.00  0.0
121.61  25.22  11.0 -30.00  -100.00  0.0
121.61  25.22  12.0 -30.00  -100.00  0.0
121.61  25.22  13.0 -30.00  -100.00  0.0
121.61  25.22  14.0 -30.00  -100.00  0.0
121.61  25.22  15.0 -30.00  -100.00  0.0
121.61  25.22  16.0 -30.00  -100.00  0.0
121.61  25.22  17.0 -30.00  -100.00  0.0
121.61  25.22  18.0 -30.00  -100.00  0.0
121.61  25.22  19.0 -30.00  -100.00  0.0
121.61  25.22  11.0 -30.00  -100.00  0.0
121.61  25.22  12.0 -30.00  -100.00  0.0
121.61  25.22  13.0 -30.00  -100.00  0.0
121.61  25.22  14.0 -30.00  -100.00  0.0
121.61  25.22  15.0 -30.00  -100.00  0.0
121.61  25.22  16.0 -30.00  -100.00  0.0
121.61  25.22  17.0 -30.00  -100.00  0.0
121.61  25.22  18.0 -30.00  -100.00  0.0
121.61  25.22  19.0 -30.00  -100.00  0.0
121.62  25.22  11.0 -30.00  -100.00  0.0
121.62  25.22  12.0 -30.00  -100.00  0.0
121.62  25.22  13.0 -30.00  -100.00  0.0
121.62  25.22  14.0 -30.00  -100.00  0.0
121.62  25.22  15.0 -30.00  -100.00  0.0
121.62  25.22  16.0 -30.00  -100.00  0.0
121.62  25.22  17.0 -30.00  -100.00  0.0
121.62  25.22  18.0 -30.00  -100.00  0.0
121.62  25.22  19.0 -30.00  -100.00  0.0
121.62  25.22  11.0 -30.00  -100.00  0.0
121.62  25.22  12.0 -30.00  -100.00  0.0
121.62  25.22  13.0 -30.00  -100.00  0.0
121.62  25.22  14.0 -30.00  -100.00  0.0
121.62  25.22  15.0 -30.00  -100.00  0.0
121.62  25.22  16.0 -30.00  -100.00  0.0
121.62  25.22  17.0 -30.00  -100.00  0.0
121.62  25.22  18.0 -30.00  -100.00  0.0
121.62  25.22  19.0 -30.00  -100.00  0.0
121.63  25.22  11.0 -30.00  -100.00  0.0
121.63  25.22  12.0 -30.00  -100.00  0.0
121.63  25.22  13.0 -30.00  -100.00  0.0
121.63  25.22  14.0 -30.00  -100.00  0.0
121.63  25.22  15.0 -30.00  -100.00  0.0
121.63  25.22  16.0 -30.00  -100.00  0.0
121.63  25.22  17.0 -30.00  -100.00  0.0
121.63  25.22  18.0 -30.00  -100.00  0.0
121.63  25.22  19.0 -30.00  -100.00  0.0
121.63  25.22  11.0 -30.00  -100.00  0.0
121.63  25.22  12.0 -30.00  -100.00  0.0
121.63  25.22  13.0 -30.00  -100.00  0.0
121.63  25.22  14.0 -30.00  -100.00  0.0
121.63  25.22  15.0 -30.00  -100.00  0.0
121.63  25.22  16.0 -30.00  -100.00  0.0
121.63  25.22  17.0 -30.00  -100.00  0.0
121.63  25.22  18.0 -30.00  -100.00  0.0
121.63  25.22  19.0 -30.00  -100.00  0.0
121.64  25.22  11.0 -30.00  -100.00  0.0
121.64  25.22  12.0 -30.00  -100.00  0.0
121.64  25.22  13.0 -30.00  -100.00  0.0
121.64  25.22  14.0 -30.00  -100.00  0.0
121.64  25.22  15.0 -30.00  -100.00  0.0
121.64  25.22  16.0 -30.00  -100.00  0.0
121.64  25.22  17.0 -30.00  -100.00  0.0
121.64  25.22  18.0 -30.00  -100.00  0.0
121.64  25.22  19.0 -30.00  -100.00  0.0
121.64  25.22  11.0 -30.00  -100.00  0.0
121.64  25.22  12.0 -30.00  -100.00  0.0
121.64  25.22  13.0 -30.00  -100.00  0.0
121.64  25.22  14.0 -30.00  -100.00  0.0
121.64  25.22  15.0 -30.00  -100.00  0.0
121.64  25.22  16.0 -30.00  -100.00  0.0
121.64  25.22  17.0 -30.00  -100.00  0.0
121.64  25.22  18.0 -30.00  -100.00  0.0
121.64  25.22  19.0 -30.00  -100.00  0.0
121.65  25.22  12.0 -30.00  -100.00  0.0
121.65  25.22  13.0 -30.00  -100.00  0.0
121.65  25.22  14.0 -30.00  -100.00  0.0
121.65  25.22  15.0 -30.00  -100.00  0.0
121.65  25.22  16.0 -30.00  -100.00  0.0
121.65  25.22  17.0 -30.00  -100.00  0.0
121.65  25.22  18.0 -30.00  -100.00  0.0
121.65  25.22  12.0 -30.00  -100.00  0.0
121.65  25.22  13.0 -30.00  -100.00  0.0
121.65  25.22  14.0 -30.00  -100.00  0.0
121.65  25.22  15.0 -30.00  -100.00  0.0
121.65  25.22  16.0 -30.00  -100.00  0.0
121.65  25.22  17.0 -30.00  -100.00  0.0
121.65  25.22  18.0 -30.00  -100.00  0.0
121.66  25.22  13.0 -30.00  -100.00  0.0
121.66  25.22  14.0 -30.00  -100.00  0.0
121.66  25.22  15.0 -30.00  -100.00  0.0
121.66  25.22  16.0 -30.00  -100.00  0.0
121.66  25.22  17.0 -30.00  -100.00  0.0
121.66  25.22  14.0 -30.00  -100.00  0.0
121.66  25.22  15.0 -30.00  -100.00  0.0
121.66  25.22  16.0 -30.00  -100.00  0.0
121.58  25.22  13.0 -30.00  -100.00  0.0
121.58  25.22  14.0 -30.00  -100.00  0.0
121.58  25.22  15.0 -30.00  -100.00  0.0
121.58  25.22  16.0 -30.00  -100.00  0.0
121.58  25.22  17.0 -30.00  -100.00  0.0
121.59  25.22  13.0 -30.00  -100.00  0.0
121.59  25.22  14.0 -30.00  -100.00  0.0
121.59  25.22  15.0 -30.00  -100.00  0.0
121.59  25.22  16.0 -30.00  -100.00  0.0
121.59  25.22  17.0 -30.00  -100.00  0.0
121.59  25.22  12.0 -30.00  -100.00  0.0
121.59  25.22  13.0 -30.00  -100.00  0.0
121.59  25.22  14.0 -30.00  -100.00  0.0
121.59  25.22  15.0 -30.00  -100.00  0.0
121.59  25.22  16.0 -30.00  -100.00  0.0
121.59  25.22  17.0 -30.00  -100.00  0.0
121.59  25.22  18.0 -30.00  -100.00  0.0
121.60  25.22  12.0 -30.00  -100.00  0.0
121.60  25.22  13.0 -30.00  -100.00  0.0
121.60  25.22  14.0 -30.00  -100.00  0.0
121.60  25.22  15.0 -30.00  -100.00  0.0
121.60  25.22  16.0 -30.00  -100.00  0.0
121.60  25.22  17.0 -30.00  -100.00  0.0
121.60  25.22  18.0 -30.00  -100.00  0.0
121.60  25.22  11.0 -30.00  -100.00  0.0
121.60  25.22  12.0 -30.00  -100.00  0.0
121.60  25.22  13.0 -30.00  -100.00  0.0
121.60  25.22  14.0 -30.00  -100.00  0.0
121.60  25.22  15.0 -30.00  -100.00  0.0
121.60  25.22  16.0 -30.00  -100.00  0.0
121.60  25.22  17.0 -30.00  -100.00  0.0
121.60  25.22  18.0 -30.00  -100.00  0.0
121.60  25.22  19.0 -30.00  -100.00  0.0
121.61  25.22  11.0 -30.00  -100.00  0.0
121.61  25.22  12.0 -30.00  -100.00  0.0
121.61  25.22  13.0 -30.00  -100.00  0.0
121.61  25.22  14.0 -30.00  -100.00  0.0
121.61  25.22  15.0 -30.00  -100.00  0.0
121.61  25.22  16.0 -30.00  -100.00  0.0
121.61  25.22  17.0 -30.00  -100.00  0.0
121.61  25.22  18.0 -30.00  -100.00  0.0
121.61  25.22  19.0 -30.00  -100.00  0.0
121.61  25.22  11.0 -30.00  -100.00  0.0
121.61  25.22  12.0 -30.00  -100.00  0.0
121.61  25.22  13.0 -30.00  -100.00  0.0
121.61  25.22  14.0 -30.00  -100.00  0.0
121.61  25.22  15.0 -30.00  -100.00  0.0
121.61  25.22  16.0 -30.00  -100.00  0.0
121.61  25.22  17.0 -30.00  -100.00  0.0
121.61  25.22  18.0 -30.00  -100.00  0.0
121.61  25.22  19.0 -30.00  -100.00  0.0
121.62  25.22  11.0 -30.00  -100.00  0.0
121.62  25.22  12.0 -30.00  -100.00  0.0
121.62  25.22  13.0 -30.00  -100.00  0.0
121.62  25.22  14.0 -30.00  -100.00  0.0
121.62  25.22  15.0 -30.00  -100.00  0.0
121.62  25.22  16.0 -30.00  -100.00  0.0
121.62  25.22  17.0 -30.00  -100.00  0.0
121.62  25.22  18.0 -30.00  -100.00  0.0
121.62  25.22  19.0 -30.00  -100.00  0.0
121.62  25.22  11.0 -30.00  -100.00  0.0
121.62  25.22  12.0 -30.00  -100.00  0.0
121.62  25.22  13.0 -30.00  -100.00  0.0
121.62  25.22  14.0 -30.00  -100.00  0.0
121.62  25.22  15.0 -30.00  -100.00  0.0
121.62  25.22  16.0 -30.00  -100.00  0.0
121.62  25.22  17.0 -30.00  -100.00  0.0
121.62  25.22  18.0 -30.00  -100.00  0.0
121.62  25.22  19.0 -30.00  -100.00  0.0
121.63  25.22  11.0 -30.00  -100.00  0.0
121.63  25.22  12.0 -30.00  -100.00  0.0
121.63  25.22  13.0 -30.00  -100.00  0.0
121.63  25.22  14.0 -30.00  -100.00  0.0
121.63  25.22  15.0 -30.00  -100.00  0.0
121.63  25.22  16.0 -30.00  -100.00  0.0
121.63  25.22  17.0 -30.00  -100.00  0.0
121.63  25.22  18.0 -30.00  -100.00  0.0
121.63  25.22  19.0 -30.00  -100.00  0.0
121.63  25.22  11.0 -30.00  -100.00  0.0
121.63  25.22  12.0 -30.00  -100.00  0.0
121.63  25.22  13.0 -30.00  -100.00  0.0
121.63  25.22  14.0 -30.00  -100.00  0.0
121.63  25.22  15.0 -30.00  -100.00  0.0
121.63  25.22  16.0 -30.00  -100.00  0.0
121.63  25.22  17.0 -30.00  -100.00  0.0
121.63  25.22  18.0 -30.00  -100.00  0.0
121.63  25.22  19.0 -30.00  -100.00  0.0
121.64  25.22  11.0 -30.00  -100.00  0.0
121.64  25.22  12.0 -30.00  -100.00  0.0
121.64  25.22  13.0 -30.00  -100.00  0.0
121.64  25.22  14.0 -30.00  -100.00  0.0
121.64  25.22  15.0 -30.00  -100.00  0.0
121.64  25.22  16.0 -30.00  -100.00  0.0
121.64  25.22  17.0 -30.00  -100.00  0.0
121.64  25.22  18.0 -30.00  -100.00  0.0
121.64  25.22  19.0 -30.00  -100.00  0.0
121.64  25.22  11.0 -30.00  -100.00  0.0
121.64  25.22  12.0 -30.00  -100.00  0.0
121.64  25.22  13.0 -30.00  -100.00  0.0
121.64  25.22  14.0 -30.00  -100.00  0.0
121.64  25.22  15.0 -30.00  -100.00  0.0
121.64  25.22  16.0 -30.00  -100.00  0.0
121.64  25.22  17.0 -30.00  -100.00  0.0
121.64  25.22  18.0 -30.00  -100.00  0.0
121.64  25.22  19.0 -30.00  -100.00  0.0
121.65  25.22  12.0 -30.00  -100.00  0.0
121.65  25.22  13.0 -30.00  -100.00  0.0
121.65  25.22  14.0 -30.00  -100.00  0.0
121.65  25.22  15.0 -30.00  -100.00  0.0
121.65  25.22  16.0 -30.00  -100.00  0.0
121.65  25.22  17.0 -30.00  -100.00  0.0
121.65  25.22  18.0 -30.00  -100.00  0.0
121.65  25.22  12.0 -30.00  -100.00  0.0
121.65  25.22  13.0 -30.00  -100.00  0.0
121.65  25.22  14.0 -30.00  -100.00  0.0
121.65  25.22  15.0 -30.00  -100.00  0.0
121.65  25.22  16.0 -30.00  -100.00  0.0
121.65  25.22  17.0 -30.00  -100.00  0.0
121.65  25.22  18.0 -30.00  -100.00  0.0
121.66  25.22  13.0 -30.00  -100.00  0.0
121.66  25.22  14.0 -30.00  -100.00  0.0
121.66  25.22  15.0 -30.00  -100.00  0.0
121.66  25.22  16.0 -30.00  -100.00  0.0
121.66  25.22  17.0 -30.00  -100.00  0.0
121.66  25.22  15.0 -30.00  -100.00  0.0
121.58  25.23  14.0 -30.00  -100.00  0.0
121.58  25.23  15.0 -30.00  -100.00  0.0
121.58  25.23  16.0 -30.00  -100.00  0.0
121.59  25.23  13.0 -30.00  -100.00  0.0
121.59  25.23  14.0 -30.00  -100.00  0.0
121.59  25.23  15.0 -30.00  -100.00  0.0
121.59  25.23  16.0 -30.00  -100.00  0.0
121.59  25.23  17.0 -30.00  -100.00  0.0
121.59  25.23  12.0 -30.00  -100.00  0.0
121.59  25.23  13.0 -30.00  -100.00  0.0
121.59  25.23  14.0 -30.00  -100.00  0.0
121.59  25.23  15.0 -30.00  -100.00  0.0
121.59  25.23  16.0 -30.00  -100.00  0.0
121.59  25.23  17.0 -30.00  -100.00  0.0
121.59  25.23  18.0 -30.00  -100.00  0.0
121.60  25.23  12.0 -30.00  -100.00  0.0
121.60  25.23  13.0 -30.00  -100.00  0.0
121.60  25.23  14.0 -30.00  -100.00  0.0
121.60  25.23  15.0 -30.00  -100.00  0.0
121.60  25.23  16.0 -30.00  -100.00  0.0
121.60  25.23  17.0 -30.00  -100.00  0.0
121.60  25.23  18.0 -30.00  -100.00  0.0
121.60  25.23  11.0 -30.00  -100.00  0.0
121.60  25.23  12.0 -30.00  -100.00  0.0
121.60  25.23  13.0 -30.00  -100.00  0.0
121.60  25.23  14.0 -30.00  -100.00  0.0
121.60  25.23  15.0 -30.00  -100.00  0.0
121.60  25.23  16.0 -30.00  -100.00  0.0
121.60  25.23  17.0 -30.00  -100.00  0.0
121.60  25.23  18.0 -30.00  -100.00  0.0
121.60  25.23  19.0 -30.00  -100.00  0.0
121.61  25.23  11.0 -30.00  -100.00  0.0
121.61  25.23  12.0 -30.00  -100.00  0.0
121.61  25.23  13.0 -30.00  -100.00  0.0
121.61  25.23  14.0 -30.00  -100.00  0.0
121.61  25.23  15.0 -30.00  -100.00  0.0
121.61  25.23  16.0 -30.00  -100.00  0.0
121.61  25.23  17.0 -30.00  -100.00  0.0
121.61  25.23  18.0 -30.00  -100.00  0.0
121.61  25.23  19.0 -30.00  -100.00  0.0
121.61  25.23  11.0 -30.00  -100.00  0.0
121.61  25.23  12.0 -30.00  -100.00  0.0
121.61  25.23  13.0 -30.00  -100.00  0.0
121.61  25.23  14.0 -30.00  -100.00  0.0
121.61  25.23  15.0 -30.00  -100.00  0.0
121.61  25.23  16.0 -30.00  -100.00  0.0
121.61  25.23  17.0 -30.00  -100.00  0.0
121.61  25.23  18.0 -30.00  -100.00  0.0
121.61  25.23  19.0 -30.00  -100.00  0.0
121.62  25.23  11.0 -30.00  -100.00  0.0
121.62  25.23  12.0 -30.00  -100.00  0.0
121.62  25.23  13.0 -30.00  -100.00  0.0
121.62  25.23  14.0 -30.00  -100.00  0.0
121.62  25.23  15.0 -30.00  -100.00  0.0
121.62  25.23  16.0 -30.00  -100.00  0.0
121.62  25.23  17.0 -30.00  -100.00  0.0
121.62  25.23  18.0 -30.00  -100.00  0.0
121.62  25.23  19.0 -30.00  -100.00  0.0
121.62  25.23  11.0 -30.00  -100.00  0.0
121.62  25.23  12.0 -30.00  -100.00  0.0
121.62  25.23  13.0 -30.00  -100.00  0.0
121.62  25.23  14.0 -30.00  -100.00  0.0
121.62  25.23  15.0 -30.00  -100.00  0.0
121.62  25.23  16.0 -30.00  -100.00  0.0
121.62  25.23  17.0 -30.00  -100.00  0.0
121.62  25.23  18.0 -30.00  -100.00  0.0
121.62  25.23  19.0 -30.00  -100.00  0.0
121.63  25.23  11.0 -30.00  -100.00  0.0
121.63  25.23  12.0 -30.00  -100.00  0.0
121.63  25.23  13.0 -30.00  -100.00  0.0
121.63  25.23  14.0 -30.00  -100.00  0.0
121.63  25.23  15.0 -30.00  -100.00  0.0
121.63  25.23  16.0 -30.00  -100.00  0.0
121.63  25.23  17.0 -30.00  -100.00  0.0
121.63  25.23  18.0 -30.00  -100.00  0.0
121.63  25.23  19.0 -30.00  -100.00  0.0
121.63  25.23  11.0 -30.00  -100.00  0.0
121.63  25.23  12.0 -30.00  -100.00  0.0
121.63  25.23  13.0 -30.00  -100.00  0.0
121.63  25.23  14.0 -30.00  -100.00  0.0
121.63  25.23  15.0 -30.00  -100.00  0.0
121.63  25.23  16.0 -30.00  -100.00  0.0
121.63  25.23  17.0 -30.00  -100.00  0.0
121.63  25.23  18.0 -30.00  -100.00  0.0
121.63  25.23  19.0 -30.00  -100.00  0.0
121.64  25.23  11.0 -30.00  -100.00  0.0
121.64  25.23  12.0 -30.00  -100.00  0.0
121.64  25.23  13.0 -30.00  -100.00  0.0
121.64  25.23  14.0 -30.00  -100.00  0.0
121.64  25.23  15.0 -30.00  -100.00  0.0
121.64  25.23  16.0 -30.00  -100.00  0.0
121.64  25.23  17.0 -30.00  -100.00  0.0
121.64  25.23  18.0 -30.00  -100.00  0.0
121.64  25.23  19.0 -30.00  -100.00  0.0
121.64  25.23  12.0 -30.00  -100.00  0.0
121.64  25.23  13.0 -30.00  -100.00  0.0
121.64  25.23  14.0 -30.00  -100.00  0.0
121.64  25.23  15.0 -30.00  -100.00  0.0
121.64  25.23  16.0 -30.00  -100.00  0.0
121.64  25.23  17.0 -30.00  -100.00  0.0
121.64  25.23  18.0 -30.00  -100.00  0.0
121.65  25.23  12.0 -30.00  -100.00  0.0
121.65  25.23  13.0 -30.00  -100.00  0.0
121.65  25.23  14.0 -30.00  -100.00  0.0
121.65  25.23  15.0 -30.00  -100.00  0.0
121.65  25.23  16.0 -30.00  -100.00  0.0
121.65  25.23  17.0 -30.00  -100.00  0.0
121.65  25.23  18.0 -30.00  -100.00  0.0
121.65  25.23  13.0 -30.00  -100.00  0.0
121.65  25.23  14.0 -30.00  -100.00  0.0
121.65  25.23  15.0 -30.00  -100.00  0.0
121.65  25.23  16.0 -30.00  -100.00  0.0
121.65  25.23  17.0 -30.00  -100.00  0.0
121.66  25.23  14.0 -30.00  -100.00  0.0
121.66  25.23  15.0 -30.00  -100.00  0.0
121.66  25.23  16.0 -30.00  -100.00  0.0
121.59  25.23  14.0 -30.00  -100.00  0.0
121.59  25.23  15.0 -30.00  -100.00  0.0
121.59  25.23  16.0 -30.00  -100.00  0.0
121.59  25.23  13.0 -30.00  -100.00  0.0
121.59  25.23  14.0 -30.00  -100.00  0.0
121.59  25.23  15.0 -30.00  -100.00  0.0
121.59  25.23  16.0 -30.00  -100.00  0.0
121.59  25.23  17.0 -30.00  -100.00  0.0
121.60  25.23  12.0 -30.00  -100.00  0.0
121.60  25.23  13.0 -30.00  -100.00  0.0
121.60  25.23  14.0 -30.00  -100.00  0.0
121.60  25.23  15.0 -30.00  -100.00  0.0
121.60  25.23  16.0 -30.00  -100.00  0.0
121.60  25.23  17.0 -30.00  -100.00  0.0
121.60  25.23  18.0 -30.00  -100.00  0.0
121.60  25.23  12.0 -30.00  -100.00  0.0
121.60  25.23  13.0 -30.00  -100.00  0.0
121.60  25.23  14.0 -30.00  -100.00  0.0
121.60  25.23  15.0 -30.00  -100.00  0.0
121.60  25.23  16.0 -30.00  -100.00  0.0
121.60  25.23  17.0 -30.00  -100.00  0.0
121.60  25.23  18.0 -30.00  -100.00  0.0
121.61  25.23  12.0 -30.00  -100.00  0.0
121.61  25.23  13.0 -30.00  -100.00  0.0
121.61  25.23  14.0 -30.00  -100.00  0.0
121.61  25.23  15.0 -30.00  -100.00  0.0
121.61  25.23  16.0 -30.00  -100.00  0.0
121.61  25.23  17.0 -30.00  -100.00  0.0
121.61  25.23  18.0 -30.00  -100.00  0.0
121.61  25.23  11.0 -30.00  -100.00  0.0
121.61  25.23  12.0 -30.00  -100.00  0.0
121.61  25.23  13.0 -30.00  -100.00  0.0
121.61  25.23  14.0 -30.00  -100.00  0.0
121.61  25.23  15.0 -30.00  -100.00  0.0
121.61  25.23  16.0 -30.00  -100.00  0.0
121.61  25.23  17.0 -30.00  -100.00  0.0
121.61  25.23  18.0 -30.00  -100.00  0.0
121.61  25.23  19.0 -30.00  -100.00  0.0
121.62  25.23  11.0 -30.00  -100.00  0.0
121.62  25.23  12.0 -30.00  -100.00  0.0
121.62  25.23  13.0 -30.00  -100.00  0.0
121.62  25.23  14.0 -30.00  -100.00  0.0
121.62  25.23  15.0 -30.00  -100.00  0.0
121.62  25.23  16.0 -30.00  -100.00  0.0
121.62  25.23  17.0 -30.00  -100.00  0.0
121.62  25.23  18.0 -30.00  -100.00  0.0
121.62  25.23  19.0 -30.00  -100.00  0.0
121.62  25.23  11.0 -30.00  -100.00  0.0
121.62  25.23  12.0 -30.00  -100.00  0.0
121.62  25.23  13.0 -30.00  -100.00  0.0
121.62  25.23  14.0 -30.00  -100.00  0.0
121.62  25.23  15.0 -30.00  -100.00  0.0
121.62  25.23  16.0 -30.00  -100.00  0.0
121.62  25.23  17.0 -30.00  -100.00  0.0
121.62  25.23  18.0 -30.00  -100.00  0.0
121.62  25.23  19.0 -30.00  -100.00  0.0
121.63  25.23  11.0 -30.00  -100.00  0.0
121.63  25.23  12.0 -30.00  -100.00  0.0
121.63  25.23  13.0 -30.00  -100.00  0.0
121.63  25.23  14.0 -30.00  -100.00  0.0
121.63  25.23  15.0 -30.00  -100.00  0.0
121.63  25.23  16.0 -30.00  -100.00  0.0
121.63  25.23  17.0 -30.00  -100.00  0.0
121.63  25.23  18.0 -30.00  -100.00  0.0
121.63  25.23  19.0 -30.00  -100.00  0.0
121.63  25.23  12.0 -30.00  -100.00  0.0
121.63  25.23  13.0 -30.00  -100.00  0.0
121.63  25.23  14.0 -30.00  -100.00  0.0
121.63  25.23  15.0 -30.00  -100.00  0.0
121.63  25.23  16.0 -30.00  -100.00  0.0
121.63  25.23  17.0 -30.00  -100.00  0.0
121.63  25.23  18.0 -30.00  -100.00  0.0
121.64  25.23  12.0 -30.00  -100.00  0.0
121.64  25.23  13.0 -30.00  -100.00  0.0
121.64  25.23  14.0 -30.00  -100.00  0.0
121.64  25.23  15.0 -30.00  -100.00  0.0
121.64  25.23  16.0 -30.00  -100.00  0.0
121.64  25.23  17.0 -30.00  -100.00  0.0
121.64  25.23  18.0 -30.00  -100.00  0.0
121.64  25.23  12.0 -30.00  -100.00  0.0
121.64  25.23  13.0 -30.00  -100.00  0.0
121.64  25.23  14.0 -30.00  -100.00  0.0
121.64  25.23  15.0 -30.00  -100.00  0.0
121.64  25.23  16.0 -30.00  -100.00  0.0
121.64  25.23  17.0 -30.00  -100.00  0.0
121.64  25.23  18.0 -30.00  -100.00  0.0
121.65  25.23  13.0 -30.00  -100.00  0.0
121.65  25.23  14.0 -30.00  -100.00  0.0
121.65  25.23  15.0 -30.00  -100.00  0.0
121.65  25.23  16.0 -30.00  -100.00  0.0
121.65  25.23  17.0 -30.00  -100.00  0.0
121.65  25.23  13.0 -30.00  -100.00  0.0
121.65  25.23  14.0 -30.00  -100.00  0.0
121.65  25.23  15.0 -30.00  -100.00  0.0
121.65  25.23  16.0 -30.00  -100.00  0.0
121.65  25.23  17.0 -30.00  -100.00  0.0
121.66  25.23  15.0 -30.00  -100.00  0.0
121.59  25.24  15.0 -30.00  -100.00  0.0
121.59  25.24  13.0 -30.00  -100.00  0.0
121.59  25.24  14.0 -30.00  -100.00  0.0
121.59  25.24  15.0 -30.00  -100.00  0.0
121.59  25.24  16.0 -30.00  -100.00  0.0
121.59  25.24  17.0 -30.00  -100.00  0.0
121.60  25.24  13.0 -30.00  -100.00  0.0
121.60  25.24  14.0 -30.00  -100.00  0.0
121.60  25.24  15.0 -30.00  -100.00  0.0
121.60  25.24  16.0 -30.00  -100.00  0.0
121.60  25.24  17.0 -30.00  -100.00  0.0
121.60  25.24  12.0 -30.00  -100.00  0.0
121.60  25.24  13.0 -30.00  -100.00  0.0
121.60  25.24  14.0 -30.00  -100.00  0.0
121.60  25.24  15.0 -30.00  -100.00  0.0
121.60  25.24  16.0 -30.00  -100.00  0.0
121.60  25.24  17.0 -30.00  -100.00  0.0
121.60  25.24  18.0 -30.00  -100.00  0.0
121.61  25.24  12.0 -30.00  -100.00  0.0
121.61  25.24  13.0 -30.00  -100.00  0.0
121.61  25.24  14.0 -30.00  -100.00  0.0
121.61  25.24  15.0 -30.00  -100.00  0.0
121.61  25.24  16.0 -30.00  -100.00  0.0
121.61  25.24  17.0 -30.00  -100.00  0.0
121.61  25.24  18.0 -30.00  -100.00  0.0
121.61  25.24  12.0 -30.00  -100.00  0.0
121.61  25.24  13.0 -30.00  -100.00  0.0
121.61  25.24  14.0 -30.00  -100.00  0.0
121.61  25.24  15.0 -30.00  -100.00  0.0
121.61  25.24  16.0 -30.00  -100.00  0.0
121.61  25.24  17.0 -30.00  -100.00  0.0
121.61  25.24  18.0 -30.00  -100.00  0.0
121.62  25.24  12.0 -30.00  -100.00  0.0
121.62  25.24  13.0 -30.00  -100.00  0.0
121.62  25.24  14.0 -30.00  -100.00  0.0
121.62  25.24  15.0 -30.00  -100.00  0.0
121.62  25.24  16.0 -30.00  -100.00  0.0
121.62  25.24  17.0 -30.00  -100.00  0.0
121.62  25.24  18.0 -30.00  -100.00  0.0
121.62  25.24  12.0 -30.00  -100.00  0.0
121.62  25.24  13.0 -30.00  -100.00  0.0
121.62  25.24  14.0 -30.00  -100.00  0.0
121.62  25.24  15.0 -30.00  -100.00  0.0
121.62  25.24  16.0 -30.00  -100.00  0.0
121.62  25.24  17.0 -30.00  -100.00  0.0
121.62  25.24  18.0 -30.00  -100.00  0.0
121.63  25.24  12.0 -30.00  -100.00  0.0
121.63  25.24  13.0 -30.00  -100.00  0.0
121.63  25.24  14.0 -30.00  -100.00  0.0
121.63  25.24  15.0 -30.00  -100.00  0.0
121.63  25.24  16.0 -30.00  -100.00  0.0
121.63  25.24  17.0 -30.00  -100.00  0.0
121.63  25.24  18.0 -30.00  -100.00  0.0
121.63  25.24  12.0 -30.00  -100.00  0.0
121.63  25.24  13.0 -30.00  -100.00  0.0
121.63  25.24  14.0 -30.00  -100.00  0.0
121.63  25.24  15.0 -30.00  -100.00  0.0
121.63  25.24  16.0 -30.00  -100.00  0.0
121.63  25.24  17.0 -30.00  -100.00  0.0
121.63  25.24  18.0 -30.00  -100.00  0.0
121.64  25.24  12.0 -30.00  -100.00  0.0
121.64  25.24  13.0 -30.00  -100.00  0.0
121.64  25.24  14.0 -30.00  -100.00  0.0
121.64  25.24  15.0 -30.00  -100.00  0.0
121.64  25.24  16.0 -30.00  -100.00  0.0
121.64  25.24  17.0 -30.00  -100.00  0.0
121.64  25.24  18.0 -30.00  -100.00  0.0
121.64  25.24  13.0 -30.00  -100.00  0.0
121.64  25.24  14.0 -30.00  -100.00  0.0
121.64  25.24  15.0 -30.00  -100.00  0.0
121.64  25.24  16.0 -30.00  -100.00  0.0
121.64  25.24  17.0 -30.00  -100.00  0.0
121.65  25.24  13.0 -30.00  -100.00  0.0
121.65  25.24  14.0 -30.00  -100.00  0.0
121.65  25.24  15.0 -30.00  -100.00  0.0
121.65  25.24  16.0 -30.00  -100.00  0.0
121.65  25.24  17.0 -30.00  -100.00  0.0
121.65  25.24  14.0 -30.00  -100.00  0.0
121.65  25.24  15.0 -30.00  -100.00  0.0
121.65  25.24  16.0 -30.00  -100.00  0.0
121.59  25.24  15.0 -30.00  -100.00  0.0
121.60  25.24  14.0 -30.00  -100.00  0.0
121.60  25.24  15.0 -30.00  -100.00  0.0
121.60  25.24  16.0 -30.00  -100.00  0.0
121.60  25.24  13.0 -30.00  -100.00  0.0
121.60  25.24  14.0 -30.00  -100.00  0.0
121.60  25.24  15.0 -30.00  -100.00  0.0
121.60  25.24  16.0 -30.00  -100.00  0.0
121.60  25.24  17.0 -30.00  -100.00  0.0
121.61  25.24  13.0 -30.00  -100.00  0.0
121.61  25.24  14.0 -30.00  -100.00  0.0
121.61  25.24  15.0 -30.00  -100.00  0.0
121.61  25.24  16.0 -30.00  -100.00  0.0
121.61  25.24  17.0 -30.00  -100.00  0.0
121.61  25.24  12.0 -30.00  -100.00  0.0
121.61  25.24  13.0 -30.00  -100.00  0.0
121.61  25.24  14.0 -30.00  -100.00  0.0
121.61  25.24  15.0 -30.00  -100.00  0.0
121.61  25.24  16.0 -30.00  -100.00  0.0
121.61  25.24  17.0 -30.00  -100.00  0.0
121.61  25.24  18.0 -30.00  -100.00  0.0
121.62  25.24  12.0 -30.00  -100.00  0.0
121.62  25.24  13.0 -30.00  -100.00  0.0
121.62  25.24  14.0 -30.00  -100.00  0.0
121.62  25.24  15.0 -30.00  -100.00  0.0
121.62  25.24  16.0 -30.00  -100.00  0.0
121.62  25.24  17.0 -30.00  -100.00  0.0
121.62  25.24  18.0 -30.00  -100.00  0.0
121.62  25.24  12.0 -30.00  -100.00  0.0
121.62  25.24  13.0 -30.00  -100.00  0.0
121.62  25.24  14.0 -30.00  -100.00  0.0
121.62  25.24  15.0 -30.00  -100.00  0.0
121.62  25.24  16.0 -30.00  -100.00  0.0
121.62  25.24  17.0 -30.00  -100.00  0.0
121.62  25.24  18.0 -30.00  -100.00  0.0
121.63  25.24  12.0 -30.00  -100.00  0.0
121.63  25.24  13.0 -30.00  -100.00  0.0
121.63  25.24  14.0 -30.00  -100.00  0.0
121.63  25.24  15.0 -30.00  -100.00  0.0
121.63  25.24  16.0 -30.00  -100.00  0.0
121.63  25.24  17.0 -30.00  -100.00  0.0
121.63  25.24  18.0 -30.00  -100.00  0.0
121.63  25.24  13.0 -30.00  -100.00  0.0
121.63  25.24  14.0 -30.00  -100.00  0.0
121.63  25.24  15.0 -30.00  -100.00  0.0
121.63  25.24  16.0 -30.00  -100.00  0.0
121.63  25.24  17.0 -30.00  -100.00  0.0
121.64  25.24  13.0 -30.00  -100.00  0.0
121.64  25.24  14.0 -30.00  -100.00  0.0
121.64  25.24  15.0 -30.00  -100.00  0.0
121.64  25.24  16.0 -30.00  -100.00  0.0
121.64  25.24  17.0 -30.00  -100.00  0.0
121.64  25.24  14.0 -30.00  -100.00  0.0
121.64  25.24  15.0 -30.00  -100.00  0.0
121.64  25.24  16.0 -30.00  -100.00  0.0
121.65  25.24  15.0 -30.00  -100.00  0.0
121.60  25.25  14.0 -30.00  -100.00  0.0
121.60  25.25  15.0 -30.00  -100.00  0.0
121.60  25.25  16.0 -30.00  -100.00  0.0
121.61  25.25  14.0 -30.00  -100.00  0.0
121.61  25.25  15.0 -30.00  -100.00  0.0
121.61  25.25  16.0 -30.00  -100.00  0.0
121.61  25.25  13.0 -30.00  -100.00  0.0
121.61  25.25  14.0 -30.00  -100.00  0.0
121.61  25.25  15.0 -30.00  -100.00  0.0
121.61  25.25  16.0 -30.00  -100.00  0.0
121.61  25.25  17.0 -30.00  -100.00  0.0
121.62  25.25  13.0 -30.00  -100.00  0.0
121.62  25.25  14.0 -30.00  -100.00  0.0
121.62  25.25  15.0 -30.00  -100.00  0.0
121.62  25.25  16.0 -30.00  -100.00  0.0
121.62  25.25  17.0 -30.00  -100.00  0.0
121.62  25.25  13.0 -30.00  -100.00  0.0
121.62  25.25  14.0 -30.00  -100.00  0.0
121.62  25.25  15.0 -30.00  -100.00  0.0
121.62  25.25  16.0 -30.00  -100.00  0.0
121.62  25.25  17.0 -30.00  -100.00  0.0
121.63  25.25  13.0 -30.00  -100.00  0.0
121.63  25.25  14.0 -30.00  -100.00  0.0
121.63  25.25  15.0 -30.00  -100.00  0.0
121.63  25.25  16.0 -30.00  -100.00  0.0
121.63  25.25  17.0 -30.00  -100.00  0.0
121.63  25.25  14.0 -30.00  -100.00  0.0
121.63  25.25  15.0 -30.00  -100.00  0.0
121.63  25.25  16.0 -30.00  -100.00  0.0
121.64  25.25  14.0 -30.00  -100.00  0.0
121.64  25.25  15.0 -30.00  -100.00  0.0
121.64  25.25  16.0 -30.00  -100.00  0.0
121.62  25.25  15.0 -30.00  -100.00  0.0
