121.61  25.18  15.0  -0.01   -0.01  0.0
121.62  25.18  14.0  -0.00   -0.00  0.0
121.62  25.18  15.0  -0.07   -0.07  0.0
121.62  25.18  16.0  -0.00   -0.00  0.0
121.62  25.18  14.0  -0.00   -0.00  0.0
121.62  25.18  15.0  -0.08   -0.08  0.0
121.62  25.18  16.0  -0.00   -0.00  0.0
121.63  25.18  15.0  -0.02   -0.02  0.0
121.60  25.18  15.0  -0.02   -0.02  0.0
121.61  25.18  14.0  -0.14   -0.14  0.0
121.61  25.18  15.0  -0.41   -0.41  0.0
121.61  25.18  16.0  -0.14   -0.14  0.0
121.61  25.18  14.0  -0.53   -0.53  0.0
121.61  25.18  15.0  -1.02   -1.02  0.0
121.61  25.18  16.0  -0.53   -0.53  0.0
121.62  25.18  13.0  -0.01   -0.01  0.0
121.62  25.18  14.0  -0.84   -0.84  0.0
121.62  25.18  15.0  -1.45   -1.45  0.0
121.62  25.18  16.0  -0.84   -0.84  0.0
121.62  25.18  17.0  -0.01   -0.01  0.0
121.62  25.18  13.0  -0.02   -0.02  0.0
121.62  25.18  14.0  -0.87   -0.87  0.0
121.62  25.18  15.0  -1.50   -1.50  0.0
121.62  25.18  16.0  -0.87   -0.87  0.0
121.62  25.18  17.0  -0.02   -0.02  0.0
121.63  25.18  14.0  -0.60   -0.60  0.0
121.63  25.18  15.0  -1.13   -1.13  0.0
121.63  25.18  16.0  -0.60   -0.60  0.0
121.63  25.18  14.0  -0.21   -0.21  0.0
121.63  25.18  15.0  -0.53   -0.53  0.0
121.63  25.18  16.0  -0.21   -0.21  0.0
121.64  25.18  15.0  -0.06   -0.06  0.0
121.60  25.19  15.0  -0.04   -0.04  0.0
121.60  25.19  14.0  -0.37   -0.37  0.0
121.60  25.19  15.0  -0.78   -0.78  0.0
121.60  25.19  16.0  -0.37   -0.37  0.0
121.61  25.19  13.0  -0.10   -0.10  0.0
121.61  25.19  14.0  -1.31   -1.31  0.0
121.61  25.19  15.0  -2.09   -2.09  0.0
121.61  25.19  16.0  -1.31   -1.31  0.0
121.61  25.19  17.0  -0.10   -0.10  0.0
121.61  25.19  13.0  -0.44   -0.44  0.0
121.61  25.19  14.0  -2.36   -2.36  0.0
121.61  25.19  15.0  -3.42   -3.42  0.0
121.61  25.19  16.0  -2.36   -2.36  0.0
121.61  25.19  17.0  -0.44   -0.44  0.0
121.62  25.19  13.0  -0.72   -0.72  0.0
121.62  25.19  14.0  -3.05   -3.05  0.0
121.62  25.19  15.0  -4.28   -4.28  0.0
121.62  25.19  16.0  -3.05   -3.05  0.0
121.62  25.19  17.0  -0.72   -0.72  0.0
121.62  25.19  13.0  -0.75   -0.75  0.0
121.62  25.19  14.0  -3.12   -3.12  0.0
121.62  25.19  15.0  -4.36   -4.36  0.0
121.62  25.19  16.0  -3.12   -3.12  0.0
121.62  25.19  17.0  -0.75   -0.75  0.0
121.63  25.19  13.0  -0.51   -0.51  0.0
121.63  25.19  14.0  -2.54   -2.54  0.0
121.63  25.19  15.0  -3.64   -3.64  0.0
121.63  25.19  16.0  -2.54   -2.54  0.0
121.63  25.19  17.0  -0.51   -0.51  0.0
121.63  25.19  13.0  -0.16   -0.16  0.0
121.63  25.19  14.0  -1.53   -1.53  0.0
121.63  25.19  15.0  -2.37   -2.37  0.0
121.63  25.19  16.0  -1.53   -1.53  0.0
121.63  25.19  17.0  -0.16   -0.16  0.0
121.64  25.19  14.0  -0.53   -0.53  0.0
121.64  25.19  15.0  -1.02   -1.02  0.0
121.64  25.19  16.0  -0.53   -0.53  0.0
121.64  25.19  14.0  -0.01   -0.01  0.0
121.64  25.19  15.0  -0.12   -0.12  0.0
121.64  25.19  16.0  -0.01   -0.01  0.0
121.60  25.19  14.0  -0.26   -0.26  0.0
121.60  25.19  15.0  -0.61   -0.61  0.0
121.60  25.19  16.0  -0.26   -0.26  0.0
121.60  25.19  13.0  -0.14   -0.14  0.0
121.60  25.19  14.0  -1.49   -1.49  0.0
121.60  25.19  15.0  -2.31   -2.31  0.0
121.60  25.19  16.0  -1.49   -1.49  0.0
121.60  25.19  17.0  -0.14   -0.14  0.0
121.61  25.19  13.0  -0.82   -0.82  0.0
121.61  25.19  14.0  -3.26   -3.26  0.0
121.61  25.19  15.0  -4.53   -4.53  0.0
121.61  25.19  16.0  -3.26   -3.26  0.0
121.61  25.19  17.0  -0.82   -0.82  0.0
121.61  25.19  13.0  -1.64   -1.64  0.0
121.61  25.19  14.0  -4.96   -4.96  0.0
121.61  25.19  15.0  -6.58   -6.58  0.0
121.61  25.19  16.0  -4.96   -4.96  0.0
121.61  25.19  17.0  -1.64   -1.64  0.0
121.62  25.19  12.0  -0.01   -0.01  0.0
121.62  25.19  13.0  -2.20   -2.20  0.0
121.62  25.19  14.0  -6.02   -6.02  0.0
121.62  25.19  15.0  -7.85   -7.85  0.0
121.62  25.19  16.0  -6.02   -6.02  0.0
121.62  25.19  17.0  -2.20   -2.20  0.0
121.62  25.19  18.0  -0.01   -0.01  0.0
121.62  25.19  12.0  -0.01   -0.01  0.0
121.62  25.19  13.0  -2.26   -2.26  0.0
121.62  25.19  14.0  -6.13   -6.13  0.0
121.62  25.19  15.0  -7.97   -7.97  0.0
121.62  25.19  16.0  -6.13   -6.13  0.0
121.62  25.19  17.0  -2.26   -2.26  0.0
121.62  25.19  18.0  -0.01   -0.01  0.0
121.63  25.19  13.0  -1.78   -1.78  0.0
121.63  25.19  14.0  -5.23   -5.23  0.0
121.63  25.19  15.0  -6.91   -6.91  0.0
121.63  25.19  16.0  -5.23   -5.23  0.0
121.63  25.19  17.0  -1.78   -1.78  0.0
121.63  25.19  13.0  -0.98   -0.98  0.0
121.63  25.19  14.0  -3.62   -3.62  0.0
121.63  25.19  15.0  -4.98   -4.98  0.0
121.63  25.19  16.0  -3.62   -3.62  0.0
121.63  25.19  17.0  -0.98   -0.98  0.0
121.64  25.19  13.0  -0.24   -0.24  0.0
121.64  25.19  14.0  -1.82   -1.82  0.0
121.64  25.19  15.0  -2.74   -2.74  0.0
121.64  25.19  16.0  -1.82   -1.82  0.0
121.64  25.19  17.0  -0.24   -0.24  0.0
121.64  25.19  14.0  -0.43   -0.43  0.0
121.64  25.19  15.0  -0.88   -0.88  0.0
121.64  25.19  16.0  -0.43   -0.43  0.0
121.65  25.19  15.0  -0.02   -0.02  0.0
121.59  25.20  14.0  -0.01   -0.01  0.0
121.59  25.20  15.0  -0.12   -0.12  0.0
121.59  25.20  16.0  -0.01   -0.01  0.0
121.60  25.20  13.0  -0.02   -0.02  0.0
121.60  25.20  14.0  -0.87   -0.87  0.0
121.60  25.20  15.0  -1.50   -1.50  0.0
121.60  25.20  16.0  -0.87   -0.87  0.0
121.60  25.20  17.0  -0.02   -0.02  0.0
121.60  25.20  13.0  -0.64   -0.64  0.0
121.60  25.20  14.0  -2.85   -2.85  0.0
121.60  25.20  15.0  -4.03   -4.03  0.0
121.60  25.20  16.0  -2.85   -2.85  0.0
121.60  25.20  17.0  -0.64   -0.64  0.0
121.61  25.20  13.0  -1.83   -1.83  0.0
121.61  25.20  14.0  -5.33   -5.33  0.0
121.61  25.20  15.0  -7.03   -7.03  0.0
121.61  25.20  16.0  -5.33   -5.33  0.0
121.61  25.20  17.0  -1.83   -1.83  0.0
121.61  25.20  12.0  -0.10   -0.10  0.0
121.61  25.20  13.0  -3.07   -3.07  0.0
121.61  25.20  14.0  -7.58   -7.58  0.0
121.61  25.20  15.0  -9.68   -9.68  0.0
121.61  25.20  16.0  -7.58   -7.58  0.0
121.61  25.20  17.0  -3.07   -3.07  0.0
121.61  25.20  18.0  -0.10   -0.10  0.0
121.62  25.20  12.0  -0.24   -0.24  0.0
121.62  25.20  13.0  -3.88   -3.88  0.0
121.62  25.20  14.0  -8.97   -8.97  0.0
121.62  25.20  15.0 -11.30  -11.30  0.0
121.62  25.20  16.0  -8.97   -8.97  0.0
121.62  25.20  17.0  -3.88   -3.88  0.0
121.62  25.20  18.0  -0.24   -0.24  0.0
121.62  25.20  12.0  -0.26   -0.26  0.0
121.62  25.20  13.0  -3.96   -3.96  0.0
121.62  25.20  14.0  -9.10   -9.10  0.0
121.62  25.20  15.0 -11.45  -11.45  0.0
121.62  25.20  16.0  -9.10   -9.10  0.0
121.62  25.20  17.0  -3.96   -3.96  0.0
121.62  25.20  18.0  -0.26   -0.26  0.0
121.63  25.20  12.0  -0.13   -0.13  0.0
121.63  25.20  13.0  -3.28   -3.28  0.0
121.63  25.20  14.0  -7.94   -7.94  0.0
121.63  25.20  15.0 -10.10  -10.10  0.0
121.63  25.20  16.0  -7.94   -7.94  0.0
121.63  25.20  17.0  -3.28   -3.28  0.0
121.63  25.20  18.0  -0.13   -0.13  0.0
121.63  25.20  12.0  -0.00   -0.00  0.0
121.63  25.20  13.0  -2.09   -2.09  0.0
121.63  25.20  14.0  -5.82   -5.82  0.0
121.63  25.20  15.0  -7.61   -7.61  0.0
121.63  25.20  16.0  -5.82   -5.82  0.0
121.63  25.20  17.0  -2.09   -2.09  0.0
121.63  25.20  18.0  -0.00   -0.00  0.0
121.64  25.20  13.0  -0.85   -0.85  0.0
121.64  25.20  14.0  -3.33   -3.33  0.0
121.64  25.20  15.0  -4.62   -4.62  0.0
121.64  25.20  16.0  -3.33   -3.33  0.0
121.64  25.20  17.0  -0.85   -0.85  0.0
121.64  25.20  13.0  -0.07   -0.07  0.0
121.64  25.20  14.0  -1.19   -1.19  0.0
121.64  25.20  15.0  -1.93   -1.93  0.0
121.64  25.20  16.0  -1.19   -1.19  0.0
121.64  25.20  17.0  -0.07   -0.07  0.0
121.65  25.20  14.0  -0.07   -0.07  0.0
121.65  25.20  15.0  -0.28   -0.28  0.0
121.65  25.20  16.0  -0.07   -0.07  0.0
121.59  25.20  14.0  -0.11   -0.11  0.0
121.59  25.20  15.0  -0.35   -0.35  0.0
121.59  25.20  16.0  -0.11   -0.11  0.0
121.60  25.20  13.0  -0.13   -0.13  0.0
121.60  25.20  14.0  -1.44   -1.44  0.0
121.60  25.20  15.0  -2.26   -2.26  0.0
121.60  25.20  16.0  -1.44   -1.44  0.0
121.60  25.20  17.0  -0.13   -0.13  0.0
121.60  25.20  13.0  -1.13   -1.13  0.0
121.60  25.20  14.0  -3.93   -3.93  0.0
121.60  25.20  15.0  -5.35   -5.35  0.0
121.60  25.20  16.0  -3.93   -3.93  0.0
121.60  25.20  17.0  -1.13   -1.13  0.0
121.61  25.20  12.0  -0.05   -0.05  0.0
121.61  25.20  13.0  -2.68   -2.68  0.0
121.61  25.20  14.0  -6.89   -6.89  0.0
121.61  25.20  15.0  -8.87   -8.87  0.0
121.61  25.20  16.0  -6.89   -6.89  0.0
121.61  25.20  17.0  -2.68   -2.68  0.0
121.61  25.20  18.0  -0.05   -0.05  0.0
121.61  25.20  12.0  -0.31   -0.31  0.0
121.61  25.20  13.0  -4.20   -4.20  0.0
121.61  25.20  14.0  -9.51   -9.51  0.0
121.61  25.20  15.0 -11.92  -11.92  0.0
121.61  25.20  16.0  -9.51   -9.51  0.0
121.61  25.20  17.0  -4.20   -4.20  0.0
121.61  25.20  18.0  -0.31   -0.31  0.0
121.62  25.20  12.0  -0.55   -0.55  0.0
121.62  25.20  13.0  -5.17   -5.17  0.0
121.62  25.20  14.0 -11.11  -11.11  0.0
121.62  25.20  15.0 -13.77  -13.77  0.0
121.62  25.20  16.0 -11.11  -11.11  0.0
121.62  25.20  17.0  -5.17   -5.17  0.0
121.62  25.20  18.0  -0.55   -0.55  0.0
121.62  25.20  12.0  -0.58   -0.58  0.0
121.62  25.20  13.0  -5.26   -5.26  0.0
121.62  25.20  14.0 -11.26  -11.26  0.0
121.62  25.20  15.0 -13.95  -13.95  0.0
121.62  25.20  16.0 -11.26  -11.26  0.0
121.62  25.20  17.0  -5.26   -5.26  0.0
121.62  25.20  18.0  -0.58   -0.58  0.0
121.63  25.20  12.0  -0.37   -0.37  0.0
121.63  25.20  13.0  -4.45   -4.45  0.0
121.63  25.20  14.0  -9.93   -9.93  0.0
121.63  25.20  15.0 -12.41  -12.41  0.0
121.63  25.20  16.0  -9.93   -9.93  0.0
121.63  25.20  17.0  -4.45   -4.45  0.0
121.63  25.20  18.0  -0.37   -0.37  0.0
121.63  25.20  12.0  -0.09   -0.09  0.0
121.63  25.20  13.0  -3.00   -3.00  0.0
121.63  25.20  14.0  -7.46   -7.46  0.0
121.63  25.20  15.0  -9.54   -9.54  0.0
121.63  25.20  16.0  -7.46   -7.46  0.0
121.63  25.20  17.0  -3.00   -3.00  0.0
121.63  25.20  18.0  -0.09   -0.09  0.0
121.64  25.20  13.0  -1.41   -1.41  0.0
121.64  25.20  14.0  -4.51   -4.51  0.0
121.64  25.20  15.0  -6.05   -6.05  0.0
121.64  25.20  16.0  -4.51   -4.51  0.0
121.64  25.20  17.0  -1.41   -1.41  0.0
121.64  25.20  13.0  -0.26   -0.26  0.0
121.64  25.20  14.0  -1.87   -1.87  0.0
121.64  25.20  15.0  -2.80   -2.80  0.0
121.64  25.20  16.0  -1.87   -1.87  0.0
121.64  25.20  17.0  -0.26   -0.26  0.0
121.65  25.20  14.0  -0.26   -0.26  0.0
121.65  25.20  15.0  -0.61   -0.61  0.0
121.65  25.20  16.0  -0.26   -0.26  0.0
121.59  25.21  14.0  -0.17   -0.17  0.0
121.59  25.21  15.0  -0.46   -0.46  0.0
121.59  25.21  16.0  -0.17   -0.17  0.0
121.60  25.21  13.0  -0.20   -0.20  0.0
121.60  25.21  14.0  -1.67   -1.67  0.0
121.60  25.21  15.0  -2.55   -2.55  0.0
121.60  25.21  16.0  -1.67   -1.67  0.0
121.60  25.21  17.0  -0.20   -0.20  0.0
121.60  25.21  13.0  -1.33   -1.33  0.0
121.60  25.21  14.0  -4.34   -4.34  0.0
121.60  25.21  15.0  -5.84   -5.84  0.0
121.60  25.21  16.0  -4.34   -4.34  0.0
121.60  25.21  17.0  -1.33   -1.33  0.0
121.61  25.21  12.0  -0.09   -0.09  0.0
121.61  25.21  13.0  -3.00   -3.00  0.0
121.61  25.21  14.0  -7.46   -7.46  0.0
121.61  25.21  15.0  -9.54   -9.54  0.0
121.61  25.21  16.0  -7.46   -7.46  0.0
121.61  25.21  17.0  -3.00   -3.00  0.0
121.61  25.21  18.0  -0.09   -0.09  0.0
121.61  25.21  12.0  -0.41   -0.41  0.0
121.61  25.21  13.0  -4.63   -4.63  0.0
121.61  25.21  14.0 -10.21  -10.21  0.0
121.61  25.21  15.0 -12.74  -12.74  0.0
121.61  25.21  16.0 -10.21  -10.21  0.0
121.61  25.21  17.0  -4.63   -4.63  0.0
121.61  25.21  18.0  -0.41   -0.41  0.0
121.62  25.21  12.0  -0.69   -0.69  0.0
121.62  25.21  13.0  -5.65   -5.65  0.0
121.62  25.21  14.0 -11.89  -11.89  0.0
121.62  25.21  15.0 -14.67  -14.67  0.0
121.62  25.21  16.0 -11.89  -11.89  0.0
121.62  25.21  17.0  -5.65   -5.65  0.0
121.62  25.21  18.0  -0.69   -0.69  0.0
121.62  25.21  12.0  -0.72   -0.72  0.0
121.62  25.21  13.0  -5.75   -5.75  0.0
121.62  25.21  14.0 -12.05  -12.05  0.0
121.62  25.21  15.0 -14.85  -14.85  0.0
121.62  25.21  16.0 -12.05  -12.05  0.0
121.62  25.21  17.0  -5.75   -5.75  0.0
121.62  25.21  18.0  -0.72   -0.72  0.0
121.63  25.21  12.0  -0.48   -0.48  0.0
121.63  25.21  13.0  -4.89   -4.89  0.0
121.63  25.21  14.0 -10.65  -10.65  0.0
121.63  25.21  15.0 -13.25  -13.25  0.0
121.63  25.21  16.0 -10.65  -10.65  0.0
121.63  25.21  17.0  -4.89   -4.89  0.0
121.63  25.21  18.0  -0.48   -0.48  0.0
121.63  25.21  12.0  -0.14   -0.14  0.0
121.63  25.21  13.0  -3.35   -3.35  0.0
121.63  25.21  14.0  -8.07   -8.07  0.0
121.63  25.21  15.0 -10.25  -10.25  0.0
121.63  25.21  16.0  -8.07   -8.07  0.0
121.63  25.21  17.0  -3.35   -3.35  0.0
121.63  25.21  18.0  -0.14   -0.14  0.0
121.64  25.21  13.0  -1.64   -1.64  0.0
121.64  25.21  14.0  -4.96   -4.96  0.0
121.64  25.21  15.0  -6.58   -6.58  0.0
121.64  25.21  16.0  -4.96   -4.96  0.0
121.64  25.21  17.0  -1.64   -1.64  0.0
121.64  25.21  13.0  -0.35   -0.35  0.0
121.64  25.21  14.0  -2.13   -2.13  0.0
121.64  25.21  15.0  -3.14   -3.14  0.0
121.64  25.21  16.0  -2.13   -2.13  0.0
121.64  25.21  17.0  -0.35   -0.35  0.0
121.65  25.21  14.0  -0.35   -0.35  0.0
121.65  25.21  15.0  -0.75   -0.75  0.0
121.65  25.21  16.0  -0.35   -0.35  0.0
121.59  25.21  14.0  -0.11   -0.11  0.0
121.59  25.21  15.0  -0.35   -0.35  0.0
121.59  25.21  16.0  -0.11   -0.11  0.0
121.60  25.21  13.0  -0.13   -0.13  0.0
121.60  25.21  14.0  -1.44   -1.44  0.0
121.60  25.21  15.0  -2.26   -2.26  0.0
121.60  25.21  16.0  -1.44   -1.44  0.0
121.60  25.21  17.0  -0.13   -0.13  0.0
121.60  25.21  13.0  -1.13   -1.13  0.0
121.60  25.21  14.0  -3.93   -3.93  0.0
121.60  25.21  15.0  -5.35   -5.35  0.0
121.60  25.21  16.0  -3.93   -3.93  0.0
121.60  25.21  17.0  -1.13   -1.13  0.0
121.61  25.21  12.0  -0.05   -0.05  0.0
121.61  25.21  13.0  -2.68   -2.68  0.0
121.61  25.21  14.0  -6.89   -6.89  0.0
121.61  25.21  15.0  -8.87   -8.87  0.0
121.61  25.21  16.0  -6.89   -6.89  0.0
121.61  25.21  17.0  -2.68   -2.68  0.0
121.61  25.21  18.0  -0.05   -0.05  0.0
121.61  25.21  12.0  -0.31   -0.31  0.0
121.61  25.21  13.0  -4.20   -4.20  0.0
121.61  25.21  14.0  -9.51   -9.51  0.0
121.61  25.21  15.0 -11.92  -11.92  0.0
121.61  25.21  16.0  -9.51   -9.51  0.0
121.61  25.21  17.0  -4.20   -4.20  0.0
121.61  25.21  18.0  -0.31   -0.31  0.0
121.62  25.21  12.0  -0.55   -0.55  0.0
121.62  25.21  13.0  -5.17   -5.17  0.0
121.62  25.21  14.0 -11.11  -11.11  0.0
121.62  25.21  15.0 -13.77  -13.77  0.0
121.62  25.21  16.0 -11.11  -11.11  0.0
121.62  25.21  17.0  -5.17   -5.17  0.0
121.62  25.21  18.0  -0.55   -0.55  0.0
121.62  25.21  12.0  -0.58   -0.58  0.0
121.62  25.21  13.0  -5.26   -5.26  0.0
121.62  25.21  14.0 -11.26  -11.26  0.0
121.62  25.21  15.0 -13.95  -13.95  0.0
121.62  25.21  16.0 -11.26  -11.26  0.0
121.62  25.21  17.0  -5.26   -5.26  0.0
121.62  25.21  18.0  -0.58   -0.58  0.0
121.63  25.21  12.0  -0.37   -0.37  0.0
121.63  25.21  13.0  -4.45   -4.45  0.0
121.63  25.21  14.0  -9.93   -9.93  0.0
121.63  25.21  15.0 -12.41  -12.41  0.0
121.63  25.21  16.0  -9.93   -9.93  0.0
121.63  25.21  17.0  -4.45   -4.45  0.0
121.63  25.21  18.0  -0.37   -0.37  0.0
121.63  25.21  12.0  -0.09   -0.09  0.0
121.63  25.21  13.0  -3.00   -3.00  0.0
121.63  25.21  14.0  -7.46   -7.46  0.0
121.63  25.21  15.0  -9.54   -9.54  0.0
121.63  25.21  16.0  -7.46   -7.46  0.0
121.63  25.21  17.0  -3.00   -3.00  0.0
121.63  25.21  18.0  -0.09   -0.09  0.0
121.64  25.21  13.0  -1.41   -1.41  0.0
121.64  25.21  14.0  -4.51   -4.51  0.0
121.64  25.21  15.0  -6.05   -6.05  0.0
121.64  25.21  16.0  -4.51   -4.51  0.0
121.64  25.21  17.0  -1.41   -1.41  0.0
121.64  25.21  13.0  -0.26   -0.26  0.0
121.64  25.21  14.0  -1.87   -1.87  0.0
121.64  25.21  15.0  -2.80   -2.80  0.0
121.64  25.21  16.0  -1.87   -1.87  0.0
121.64  25.21  17.0  -0.26   -0.26  0.0
121.65  25.21  14.0  -0.26   -0.26  0.0
121.65  25.21  15.0  -0.61   -0.61  0.0
121.65  25.21  16.0  -0.26   -0.26  0.0
121.59  25.22  14.0  -0.01   -0.01  0.0
121.59  25.22  15.0  -0.12   -0.12  0.0
121.59  25.22  16.0  -0.01   -0.01  0.0
121.60  25.22  13.0  -0.02   -0.02  0.0
121.60  25.22  14.0  -0.87   -0.87  0.0
121.60  25.22  15.0  -1.50   -1.50  0.0
121.60  25.22  16.0  -0.87   -0.87  0.0
121.60  25.22  17.0  -0.02   -0.02  0.0
121.60  25.22  13.0  -0.64   -0.64  0.0
121.60  25.22  14.0  -2.85   -2.85  0.0
121.60  25.22  15.0  -4.03   -4.03  0.0
121.60  25.22  16.0  -2.85   -2.85  0.0
121.60  25.22  17.0  -0.64   -0.64  0.0
121.61  25.22  13.0  -1.83   -1.83  0.0
121.61  25.22  14.0  -5.33   -5.33  0.0
121.61  25.22  15.0  -7.03   -7.03  0.0
121.61  25.22  16.0  -5.33   -5.33  0.0
121.61  25.22  17.0  -1.83   -1.83  0.0
121.61  25.22  12.0  -0.10   -0.10  0.0
121.61  25.22  13.0  -3.07   -3.07  0.0
121.61  25.22  14.0  -7.58   -7.58  0.0
121.61  25.22  15.0  -9.68   -9.68  0.0
121.61  25.22  16.0  -7.58   -7.58  0.0
121.61  25.22  17.0  -3.07   -3.07  0.0
121.61  25.22  18.0  -0.10   -0.10  0.0
121.62  25.22  12.0  -0.24   -0.24  0.0
121.62  25.22  13.0  -3.88   -3.88  0.0
121.62  25.22  14.0  -8.97   -8.97  0.0
121.62  25.22  15.0 -11.30  -11.30  0.0
121.62  25.22  16.0  -8.97   -8.97  0.0
121.62  25.22  17.0  -3.88   -3.88  0.0
121.62  25.22  18.0  -0.24   -0.24  0.0
121.62  25.22  12.0  -0.26   -0.26  0.0
121.62  25.22  13.0  -3.96   -3.96  0.0
121.62  25.22  14.0  -9.10   -9.10  0.0
121.62  25.22  15.0 -11.45  -11.45  0.0
121.62  25.22  16.0  -9.10   -9.10  0.0
121.62  25.22  17.0  -3.96   -3.96  0.0
121.62  25.22  18.0  -0.26   -0.26  0.0
121.63  25.22  12.0  -0.13   -0.13  0.0
121.63  25.22  13.0  -3.28   -3.28  0.0
121.63  25.22  14.0  -7.94   -7.94  0.0
121.63  25.22  15.0 -10.10  -10.10  0.0
121.63  25.22  16.0  -7.94   -7.94  0.0
121.63  25.22  17.0  -3.28   -3.28  0.0
121.63  25.22  18.0  -0.13   -0.13  0.0
121.63  25.22  12.0  -0.00   -0.00  0.0
121.63  25.22  13.0  -2.09   -2.09  0.0
121.63  25.22  14.0  -5.82   -5.82  0.0
121.63  25.22  15.0  -7.61   -7.61  0.0
121.63  25.22  16.0  -5.82   -5.82  0.0
121.63  25.22  17.0  -2.09   -2.09  0.0
121.63  25.22  18.0  -0.00   -0.00  0.0
121.64  25.22  13.0  -0.85   -0.85  0.0
121.64  25.22  14.0  -3.33   -3.33  0.0
121.64  25.22  15.0  -4.62   -4.62  0.0
121.64  25.22  16.0  -3.33   -3.33  0.0
121.64  25.22  17.0  -0.85   -0.85  0.0
121.64  25.22  13.0  -0.07   -0.07  0.0
121.64  25.22  14.0  -1.19   -1.19  0.0
121.64  25.22  15.0  -1.93   -1.93  0.0
121.64  25.22  16.0  -1.19   -1.19  0.0
121.64  25.22  17.0  -0.07   -0.07  0.0
121.65  25.22  14.0  -0.07   -0.07  0.0
121.65  25.22  15.0  -0.28   -0.28  0.0
121.65  25.22  16.0  -0.07   -0.07  0.0
121.60  25.22  14.0  -0.26   -0.26  0.0
121.60  25.22  15.0  -0.61   -0.61  0.0
121.60  25.22  16.0  -0.26   -0.26  0.0
121.60  25.22  13.0  -0.14   -0.14  0.0
121.60  25.22  14.0  -1.49   -1.49  0.0
121.60  25.22  15.0  -2.31   -2.31  0.0
121.60  25.22  16.0  -1.49   -1.49  0.0
121.60  25.22  17.0  -0.14   -0.14  0.0
121.61  25.22  13.0  -0.82   -0.82  0.0
121.61  25.22  14.0  -3.26   -3.26  0.0
121.61  25.22  15.0  -4.53   -4.53  0.0
121.61  25.22  16.0  -3.26   -3.26  0.0
121.61  25.22  17.0  -0.82   -0.82  0.0
121.61  25.22  13.0  -1.64   -1.64  0.0
121.61  25.22  14.0  -4.96   -4.96  0.0
121.61  25.22  15.0  -6.58   -6.58  0.0
121.61  25.22  16.0  -4.96   -4.96  0.0
121.61  25.22  17.0  -1.64   -1.64  0.0
121.62  25.22  12.0  -0.01   -0.01  0.0
121.62  25.22  13.0  -2.20   -2.20  0.0
121.62  25.22  14.0  -6.02   -6.02  0.0
121.62  25.22  15.0  -7.85   -7.85  0.0
121.62  25.22  16.0  -6.02   -6.02  0.0
121.62  25.22  17.0  -2.20   -2.20  0.0
121.62  25.22  18.0  -0.01   -0.01  0.0
121.62  25.22  12.0  -0.01   -0.01  0.0
121.62  25.22  13.0  -2.26   -2.26  0.0
121.62  25.22  14.0  -6.13   -6.13  0.0
121.62  25.22  15.0  -7.97   -7.97  0.0
121.62  25.22  16.0  -6.13   -6.13  0.0
121.62  25.22  17.0  -2.26   -2.26  0.0
121.62  25.22  18.0  -0.01   -0.01  0.0
121.63  25.22  13.0  -1.78   -1.78  0.0
121.63  25.22  14.0  -5.23   -5.23  0.0
121.63  25.22  15.0  -6.91   -6.91  0.0
121.63  25.22  16.0  -5.23   -5.23  0.0
121.63  25.22  17.0  -1.78   -1.78  0.0
121.63  25.22  13.0  -0.98   -0.98  0.0
121.63  25.22  14.0  -3.62   -3.62  0.0
121.63  25.22  15.0  -4.98   -4.98  0.0
121.63  25.22  16.0  -3.62   -3.62  0.0
121.63  25.22  17.0  -0.98   -0.98  0.0
121.64  25.22  13.0  -0.24   -0.24  0.0
121.64  25.22  14.0  -1.82   -1.82  0.0
121.64  25.22  15.0  -2.74   -2.74  0.0
121.64  25.22  16.0  -1.82   -1.82  0.0
121.64  25.22  17.0  -0.24   -0.24  0.0
121.64  25.22  14.0  -0.43   -0.43  0.0
121.64  25.22  15.0  -0.88   -0.88  0.0
121.64  25.22  16.0  -0.43   -0.43  0.0
121.65  25.22  15.0  -0.02   -0.02  0.0
121.60  25.23  15.0  -0.04   -0.04  0.0
121.60  25.23  14.0  -0.37   -0.37  0.0
121.60  25.23  15.0  -0.78   -0.78  0.0
121.60  25.23  16.0  -0.37   -0.37  0.0
121.61  25.23  13.0  -0.10   -0.10  0.0
121.61  25.23  14.0  -1.31   -1.31  0.0
121.61  25.23  15.0  -2.09   -2.09  0.0
121.61  25.23  16.0  -1.31   -1.31  0.0
121.61  25.23  17.0  -0.10   -0.10  0.0
121.61  25.23  13.0  -0.44   -0.44  0.0
121.61  25.23  14.0  -2.36   -2.36  0.0
121.61  25.23  15.0  -3.42   -3.42  0.0
121.61  25.23  16.0  -2.36   -2.36  0.0
121.61  25.23  17.0  -0.44   -0.44  0.0
121.62  25.23  13.0  -0.72   -0.72  0.0
121.62  25.23  14.0  -3.05   -3.05  0.0
121.62  25.23  15.0  -4.28   -4.28  0.0
121.62  25.23  16.0  -3.05   -3.05  0.0
121.62  25.23  17.0  -0.72   -0.72  0.0
121.62  25.23  13.0  -0.75   -0.75  0.0
121.62  25.23  14.0  -3.12   -3.12  0.0
121.62  25.23  15.0  -4.36   -4.36  0.0
121.62  25.23  16.0  -3.12   -3.12  0.0
121.62  25.23  17.0  -0.75   -0.75  0.0
121.63  25.23  13.0  -0.51   -0.51  0.0
121.63  25.23  14.0  -2.54   -2.54  0.0
121.63  25.23  15.0  -3.64   -3.64  0.0
121.63  25.23  16.0  -2.54   -2.54  0.0
121.63  25.23  17.0  -0.51   -0.51  0.0
121.63  25.23  13.0  -0.16   -0.16  0.0
121.63  25.23  14.0  -1.53   -1.53  0.0
121.63  25.23  15.0  -2.37   -2.37  0.0
121.63  25.23  16.0  -1.53   -1.53  0.0
121.63  25.23  17.0  -0.16   -0.16  0.0
121.64  25.23  14.0  -0.53   -0.53  0.0
121.64  25.23  15.0  -1.02   -1.02  0.0
121.64  25.23  16.0  -0.53   -0.53  0.0
121.64  25.23  14.0  -0.01   -0.01  0.0
121.64  25.23  15.0  -0.12   -0.12  0.0
121.64  25.23  16.0  -0.01   -0.01  0.0
121.60  25.23  15.0  -0.02   -0.02  0.0
121.61  25.23  14.0  -0.14   -0.14  0.0
121.61  25.23  15.0  -0.41   -0.41  0.0
121.61  25.23  16.0  -0.14   -0.14  0.0
121.61  25.23  14.0  -0.53   -0.53  0.0
121.61  25.23  15.0  -1.02   -1.02  0.0
121.61  25.23  16.0  -0.53   -0.53  0.0
121.62  25.23  13.0  -0.01   -0.01  0.0
121.62  25.23  14.0  -0.84   -0.84  0.0
121.62  25.23  15.0  -1.45   -1.45  0.0
121.62  25.23  16.0  -0.84   -0.84  0.0
121.62  25.23  17.0  -0.01   -0.01  0.0
121.62  25.23  13.0  -0.02   -0.02  0.0
121.62  25.23  14.0  -0.87   -0.87  0.0
121.62  25.23  15.0  -1.50   -1.50  0.0
121.62  25.23  16.0  -0.87   -0.87  0.0
121.62  25.23  17.0  -0.02   -0.02  0.0
121.63  25.23  14.0  -0.60   -0.60  0.0
121.63  25.23  15.0  -1.13   -1.13  0.0
121.63  25.23  16.0  -0.60   -0.60  0.0
121.63  25.23  14.0  -0.21   -0.21  0.0
121.63  25.23  15.0  -0.53   -0.53  0.0
121.63  25.23  16.0  -0.21   -0.21  0.0
121.64  25.23  15.0  -0.06   -0.06  0.0
121.61  25.24  15.0  -0.01   -0.01  0.0
121.62  25.24  14.0  -0.00   -0.00  0.0
121.62  25.24  15.0  -0.07   -0.07  0.0
121.62  25.24  16.0  -0.00   -0.00  0.0
121.62  25.24  14.0  -0.00   -0.00  0.0
121.62  25.24  15.0  -0.08   -0.08  0.0
121.62  25.24  16.0  -0.00   -0.00  0.0
121.63  25.24  15.0  -0.02   -0.02  0.0
