121.62  25.16  15.0  -0.00   -0.00  0.0
121.60  25.17  14.0  -0.00   -0.00  0.0
121.60  25.17  15.0  -0.03   -0.03  0.0
121.60  25.17  16.0  -0.00   -0.00  0.0
121.61  25.17  14.0  -0.08   -0.08  0.0
121.61  25.17  15.0  -0.16   -0.16  0.0
121.61  25.17  16.0  -0.08   -0.08  0.0
121.61  25.17  13.0  -0.00   -0.00  0.0
121.61  25.17  14.0  -0.19   -0.19  0.0
121.61  25.17  15.0  -0.33   -0.33  0.0
121.61  25.17  16.0  -0.19   -0.19  0.0
121.61  25.17  17.0  -0.00   -0.00  0.0
121.62  25.17  13.0  -0.02   -0.02  0.0
121.62  25.17  14.0  -0.28   -0.28  0.0
121.62  25.17  15.0  -0.44   -0.44  0.0
121.62  25.17  16.0  -0.28   -0.28  0.0
121.62  25.17  17.0  -0.02   -0.02  0.0
121.62  25.17  13.0  -0.02   -0.02  0.0
121.62  25.17  14.0  -0.29   -0.29  0.0
121.62  25.17  15.0  -0.45   -0.45  0.0
121.62  25.17  16.0  -0.29   -0.29  0.0
121.62  25.17  17.0  -0.02   -0.02  0.0
121.63  25.17  13.0  -0.01   -0.01  0.0
121.63  25.17  14.0  -0.22   -0.22  0.0
121.63  25.17  15.0  -0.36   -0.36  0.0
121.63  25.17  16.0  -0.22   -0.22  0.0
121.63  25.17  17.0  -0.01   -0.01  0.0
121.63  25.17  14.0  -0.10   -0.10  0.0
121.63  25.17  15.0  -0.20   -0.20  0.0
121.63  25.17  16.0  -0.10   -0.10  0.0
121.64  25.17  14.0  -0.01   -0.01  0.0
121.64  25.17  15.0  -0.05   -0.05  0.0
121.64  25.17  16.0  -0.01   -0.01  0.0
121.59  25.17  15.0  -0.00   -0.00  0.0
121.60  25.17  14.0  -0.09   -0.09  0.0
121.60  25.17  15.0  -0.18   -0.18  0.0
121.60  25.17  16.0  -0.09   -0.09  0.0
121.60  25.17  13.0  -0.06   -0.06  0.0
121.60  25.17  14.0  -0.39   -0.39  0.0
121.60  25.17  15.0  -0.58   -0.58  0.0
121.60  25.17  16.0  -0.39   -0.39  0.0
121.60  25.17  17.0  -0.06   -0.06  0.0
121.61  25.17  13.0  -0.23   -0.23  0.0
121.61  25.17  14.0  -0.79   -0.79  0.0
121.61  25.17  15.0  -1.06   -1.06  0.0
121.61  25.17  16.0  -0.79   -0.79  0.0
121.61  25.17  17.0  -0.23   -0.23  0.0
121.61  25.17  12.0  -0.00   -0.00  0.0
121.61  25.17  13.0  -0.43   -0.43  0.0
121.61  25.17  14.0  -1.15   -1.15  0.0
121.61  25.17  15.0  -1.47   -1.47  0.0
121.61  25.17  16.0  -1.15   -1.15  0.0
121.61  25.17  17.0  -0.43   -0.43  0.0
121.61  25.17  18.0  -0.00   -0.00  0.0
121.62  25.17  12.0  -0.01   -0.01  0.0
121.62  25.17  13.0  -0.56   -0.56  0.0
121.62  25.17  14.0  -1.36   -1.36  0.0
121.62  25.17  15.0  -1.72   -1.72  0.0
121.62  25.17  16.0  -1.36   -1.36  0.0
121.62  25.17  17.0  -0.56   -0.56  0.0
121.62  25.17  18.0  -0.01   -0.01  0.0
121.62  25.17  12.0  -0.01   -0.01  0.0
121.62  25.17  13.0  -0.57   -0.57  0.0
121.62  25.17  14.0  -1.38   -1.38  0.0
121.62  25.17  15.0  -1.75   -1.75  0.0
121.62  25.17  16.0  -1.38   -1.38  0.0
121.62  25.17  17.0  -0.57   -0.57  0.0
121.62  25.17  18.0  -0.01   -0.01  0.0
121.63  25.17  12.0  -0.00   -0.00  0.0
121.63  25.17  13.0  -0.46   -0.46  0.0
121.63  25.17  14.0  -1.20   -1.20  0.0
121.63  25.17  15.0  -1.54   -1.54  0.0
121.63  25.17  16.0  -1.20   -1.20  0.0
121.63  25.17  17.0  -0.46   -0.46  0.0
121.63  25.17  18.0  -0.00   -0.00  0.0
121.63  25.17  13.0  -0.27   -0.27  0.0
121.63  25.17  14.0  -0.87   -0.87  0.0
121.63  25.17  15.0  -1.15   -1.15  0.0
121.63  25.17  16.0  -0.87   -0.87  0.0
121.63  25.17  17.0  -0.27   -0.27  0.0
121.64  25.17  13.0  -0.09   -0.09  0.0
121.64  25.17  14.0  -0.47   -0.47  0.0
121.64  25.17  15.0  -0.68   -0.68  0.0
121.64  25.17  16.0  -0.47   -0.47  0.0
121.64  25.17  17.0  -0.09   -0.09  0.0
121.64  25.17  14.0  -0.14   -0.14  0.0
121.64  25.17  15.0  -0.25   -0.25  0.0
121.64  25.17  16.0  -0.14   -0.14  0.0
121.65  25.17  15.0  -0.01   -0.01  0.0
121.59  25.18  15.0  -0.00   -0.00  0.0
121.59  25.18  13.0  -0.00   -0.00  0.0
121.59  25.18  14.0  -0.17   -0.17  0.0
121.59  25.18  15.0  -0.29   -0.29  0.0
121.59  25.18  16.0  -0.17   -0.17  0.0
121.59  25.18  17.0  -0.00   -0.00  0.0
121.60  25.18  13.0  -0.18   -0.18  0.0
121.60  25.18  14.0  -0.69   -0.69  0.0
121.60  25.18  15.0  -0.94   -0.94  0.0
121.60  25.18  16.0  -0.69   -0.69  0.0
121.60  25.18  17.0  -0.18   -0.18  0.0
121.60  25.18  12.0  -0.01   -0.01  0.0
121.60  25.18  13.0  -0.58   -0.58  0.0
121.60  25.18  14.0  -1.40   -1.40  0.0
121.60  25.18  15.0  -1.77   -1.77  0.0
121.60  25.18  16.0  -1.40   -1.40  0.0
121.60  25.18  17.0  -0.58   -0.58  0.0
121.60  25.18  18.0  -0.01   -0.01  0.0
121.61  25.18  12.0  -0.13   -0.13  0.0
121.61  25.18  13.0  -1.06   -1.06  0.0
121.61  25.18  14.0  -2.15   -2.15  0.0
121.61  25.18  15.0  -2.61   -2.61  0.0
121.61  25.18  16.0  -2.15   -2.15  0.0
121.61  25.18  17.0  -1.06   -1.06  0.0
121.61  25.18  18.0  -0.13   -0.13  0.0
121.61  25.18  12.0  -0.27   -0.27  0.0
121.61  25.18  13.0  -1.48   -1.48  0.0
121.61  25.18  14.0  -2.76   -2.76  0.0
121.61  25.18  15.0  -3.30   -3.30  0.0
121.61  25.18  16.0  -2.76   -2.76  0.0
121.61  25.18  17.0  -1.48   -1.48  0.0
121.61  25.18  18.0  -0.27   -0.27  0.0
121.62  25.18  12.0  -0.38   -0.38  0.0
121.62  25.18  13.0  -1.73   -1.73  0.0
121.62  25.18  14.0  -3.12   -3.12  0.0
121.62  25.18  15.0  -3.70   -3.70  0.0
121.62  25.18  16.0  -3.12   -3.12  0.0
121.62  25.18  17.0  -1.73   -1.73  0.0
121.62  25.18  18.0  -0.38   -0.38  0.0
121.62  25.18  12.0  -0.39   -0.39  0.0
121.62  25.18  13.0  -1.75   -1.75  0.0
121.62  25.18  14.0  -3.15   -3.15  0.0
121.62  25.18  15.0  -3.73   -3.73  0.0
121.62  25.18  16.0  -3.15   -3.15  0.0
121.62  25.18  17.0  -1.75   -1.75  0.0
121.62  25.18  18.0  -0.39   -0.39  0.0
121.63  25.18  12.0  -0.30   -0.30  0.0
121.63  25.18  13.0  -1.54   -1.54  0.0
121.63  25.18  14.0  -2.86   -2.86  0.0
121.63  25.18  15.0  -3.40   -3.40  0.0
121.63  25.18  16.0  -2.86   -2.86  0.0
121.63  25.18  17.0  -1.54   -1.54  0.0
121.63  25.18  18.0  -0.30   -0.30  0.0
121.63  25.18  12.0  -0.16   -0.16  0.0
121.63  25.18  13.0  -1.15   -1.15  0.0
121.63  25.18  14.0  -2.29   -2.29  0.0
121.63  25.18  15.0  -2.77   -2.77  0.0
121.63  25.18  16.0  -2.29   -2.29  0.0
121.63  25.18  17.0  -1.15   -1.15  0.0
121.63  25.18  18.0  -0.16   -0.16  0.0
121.64  25.18  12.0  -0.03   -0.03  0.0
121.64  25.18  13.0  -0.68   -0.68  0.0
121.64  25.18  14.0  -1.56   -1.56  0.0
121.64  25.18  15.0  -1.94   -1.94  0.0
121.64  25.18  16.0  -1.56   -1.56  0.0
121.64  25.18  17.0  -0.68   -0.68  0.0
121.64  25.18  18.0  -0.03   -0.03  0.0
121.64  25.18  13.0  -0.25   -0.25  0.0
121.64  25.18  14.0  -0.82   -0.82  0.0
121.64  25.18  15.0  -1.09   -1.09  0.0
121.64  25.18  16.0  -0.82   -0.82  0.0
121.64  25.18  17.0  -0.25   -0.25  0.0
121.65  25.18  13.0  -0.01   -0.01  0.0
121.65  25.18  14.0  -0.25   -0.25  0.0
121.65  25.18  15.0  -0.40   -0.40  0.0
121.65  25.18  16.0  -0.25   -0.25  0.0
121.65  25.18  17.0  -0.01   -0.01  0.0
121.65  25.18  14.0  -0.00   -0.00  0.0
121.65  25.18  15.0  -0.03   -0.03  0.0
121.65  25.18  16.0  -0.00   -0.00  0.0
121.59  25.18  14.0  -0.13   -0.13  0.0
121.59  25.18  15.0  -0.24   -0.24  0.0
121.59  25.18  16.0  -0.13   -0.13  0.0
121.59  25.18  13.0  -0.21   -0.21  0.0
121.59  25.18  14.0  -0.74   -0.74  0.0
121.59  25.18  15.0  -1.01   -1.01  0.0
121.59  25.18  16.0  -0.74   -0.74  0.0
121.59  25.18  17.0  -0.21   -0.21  0.0
121.60  25.18  12.0  -0.05   -0.05  0.0
121.60  25.18  13.0  -0.78   -0.78  0.0
121.60  25.18  14.0  -1.72   -1.72  0.0
121.60  25.18  15.0  -2.13   -2.13  0.0
121.60  25.18  16.0  -1.72   -1.72  0.0
121.60  25.18  17.0  -0.78   -0.78  0.0
121.60  25.18  18.0  -0.05   -0.05  0.0
121.60  25.18  12.0  -0.30   -0.30  0.0
121.60  25.18  13.0  -1.54   -1.54  0.0
121.60  25.18  14.0  -2.86   -2.86  0.0
121.60  25.18  15.0  -3.40   -3.40  0.0
121.60  25.18  16.0  -2.86   -2.86  0.0
121.60  25.18  17.0  -1.54   -1.54  0.0
121.60  25.18  18.0  -0.30   -0.30  0.0
121.61  25.18  12.0  -0.65   -0.65  0.0
121.61  25.18  13.0  -2.32   -2.32  0.0
121.61  25.18  14.0  -3.95   -3.95  0.0
121.61  25.18  15.0  -4.62   -4.62  0.0
121.61  25.18  16.0  -3.95   -3.95  0.0
121.61  25.18  17.0  -2.32   -2.32  0.0
121.61  25.18  18.0  -0.65   -0.65  0.0
121.61  25.18  11.0  -0.00   -0.00  0.0
121.61  25.18  12.0  -0.97   -0.97  0.0
121.61  25.18  13.0  -2.96   -2.96  0.0
121.61  25.18  14.0  -4.82   -4.82  0.0
121.61  25.18  15.0  -5.57   -5.57  0.0
121.61  25.18  16.0  -4.82   -4.82  0.0
121.61  25.18  17.0  -2.96   -2.96  0.0
121.61  25.18  18.0  -0.97   -0.97  0.0
121.61  25.18  19.0  -0.00   -0.00  0.0
121.62  25.18  11.0  -0.02   -0.02  0.0
121.62  25.18  12.0  -1.17   -1.17  0.0
121.62  25.18  13.0  -3.34   -3.34  0.0
121.62  25.18  14.0  -5.32   -5.32  0.0
121.62  25.18  15.0  -6.12   -6.12  0.0
121.62  25.18  16.0  -5.32   -5.32  0.0
121.62  25.18  17.0  -3.34   -3.34  0.0
121.62  25.18  18.0  -1.17   -1.17  0.0
121.62  25.18  19.0  -0.02   -0.02  0.0
121.62  25.18  11.0  -0.02   -0.02  0.0
121.62  25.18  12.0  -1.19   -1.19  0.0
121.62  25.18  13.0  -3.37   -3.37  0.0
121.62  25.18  14.0  -5.37   -5.37  0.0
121.62  25.18  15.0  -6.17   -6.17  0.0
121.62  25.18  16.0  -5.37   -5.37  0.0
121.62  25.18  17.0  -3.37   -3.37  0.0
121.62  25.18  18.0  -1.19   -1.19  0.0
121.62  25.18  19.0  -0.02   -0.02  0.0
121.63  25.18  11.0  -0.01   -0.01  0.0
121.63  25.18  12.0  -1.02   -1.02  0.0
121.63  25.18  13.0  -3.06   -3.06  0.0
121.63  25.18  14.0  -4.96   -4.96  0.0
121.63  25.18  15.0  -5.72   -5.72  0.0
121.63  25.18  16.0  -4.96   -4.96  0.0
121.63  25.18  17.0  -3.06   -3.06  0.0
121.63  25.18  18.0  -1.02   -1.02  0.0
121.63  25.18  19.0  -0.01   -0.01  0.0
121.63  25.18  12.0  -0.72   -0.72  0.0
121.63  25.18  13.0  -2.47   -2.47  0.0
121.63  25.18  14.0  -4.15   -4.15  0.0
121.63  25.18  15.0  -4.84   -4.84  0.0
121.63  25.18  16.0  -4.15   -4.15  0.0
121.63  25.18  17.0  -2.47   -2.47  0.0
121.63  25.18  18.0  -0.72   -0.72  0.0
121.64  25.18  12.0  -0.37   -0.37  0.0
121.64  25.18  13.0  -1.70   -1.70  0.0
121.64  25.18  14.0  -3.09   -3.09  0.0
121.64  25.18  15.0  -3.66   -3.66  0.0
121.64  25.18  16.0  -3.09   -3.09  0.0
121.64  25.18  17.0  -1.70   -1.70  0.0
121.64  25.18  18.0  -0.37   -0.37  0.0
121.64  25.18  12.0  -0.08   -0.08  0.0
121.64  25.18  13.0  -0.92   -0.92  0.0
121.64  25.18  14.0  -1.94   -1.94  0.0
121.64  25.18  15.0  -2.38   -2.38  0.0
121.64  25.18  16.0  -1.94   -1.94  0.0
121.64  25.18  17.0  -0.92   -0.92  0.0
121.64  25.18  18.0  -0.08   -0.08  0.0
121.65  25.18  13.0  -0.30   -0.30  0.0
121.65  25.18  14.0  -0.92   -0.92  0.0
121.65  25.18  15.0  -1.21   -1.21  0.0
121.65  25.18  16.0  -0.92   -0.92  0.0
121.65  25.18  17.0  -0.30   -0.30  0.0
121.65  25.18  13.0  -0.01   -0.01  0.0
121.65  25.18  14.0  -0.22   -0.22  0.0
121.65  25.18  15.0  -0.36   -0.36  0.0
121.65  25.18  16.0  -0.22   -0.22  0.0
121.65  25.18  17.0  -0.01   -0.01  0.0
121.66  25.18  15.0  -0.00   -0.00  0.0
121.58  25.19  14.0  -0.02   -0.02  0.0
121.58  25.19  15.0  -0.08   -0.08  0.0
121.58  25.19  16.0  -0.02   -0.02  0.0
121.59  25.19  13.0  -0.11   -0.11  0.0
121.59  25.19  14.0  -0.53   -0.53  0.0
121.59  25.19  15.0  -0.75   -0.75  0.0
121.59  25.19  16.0  -0.53   -0.53  0.0
121.59  25.19  17.0  -0.11   -0.11  0.0
121.59  25.19  12.0  -0.03   -0.03  0.0
121.59  25.19  13.0  -0.69   -0.69  0.0
121.59  25.19  14.0  -1.58   -1.58  0.0
121.59  25.19  15.0  -1.97   -1.97  0.0
121.59  25.19  16.0  -1.58   -1.58  0.0
121.59  25.19  17.0  -0.69   -0.69  0.0
121.59  25.19  18.0  -0.03   -0.03  0.0
121.60  25.19  12.0  -0.34   -0.34  0.0
121.60  25.19  13.0  -1.63   -1.63  0.0
121.60  25.19  14.0  -2.99   -2.99  0.0
121.60  25.19  15.0  -3.55   -3.55  0.0
121.60  25.19  16.0  -2.99   -2.99  0.0
121.60  25.19  17.0  -1.63   -1.63  0.0
121.60  25.19  18.0  -0.34   -0.34  0.0
121.60  25.19  11.0  -0.00   -0.00  0.0
121.60  25.19  12.0  -0.85   -0.85  0.0
121.60  25.19  13.0  -2.74   -2.74  0.0
121.60  25.19  14.0  -4.52   -4.52  0.0
121.60  25.19  15.0  -5.24   -5.24  0.0
121.60  25.19  16.0  -4.52   -4.52  0.0
121.60  25.19  17.0  -2.74   -2.74  0.0
121.60  25.19  18.0  -0.85   -0.85  0.0
121.60  25.19  19.0  -0.00   -0.00  0.0
121.61  25.19  11.0  -0.06   -0.06  0.0
121.61  25.19  12.0  -1.43   -1.43  0.0
121.61  25.19  13.0  -3.81   -3.81  0.0
121.61  25.19  14.0  -5.95   -5.95  0.0
121.61  25.19  15.0  -6.80   -6.80  0.0
121.61  25.19  16.0  -5.95   -5.95  0.0
121.61  25.19  17.0  -3.81   -3.81  0.0
121.61  25.19  18.0  -1.43   -1.43  0.0
121.61  25.19  19.0  -0.06   -0.06  0.0
121.61  25.19  11.0  -0.17   -0.17  0.0
121.61  25.19  12.0  -1.92   -1.92  0.0
121.61  25.19  13.0  -4.66   -4.66  0.0
121.61  25.19  14.0  -7.07   -7.07  0.0
121.61  25.19  15.0  -8.01   -8.01  0.0
121.61  25.19  16.0  -7.07   -7.07  0.0
121.61  25.19  17.0  -4.66   -4.66  0.0
121.61  25.19  18.0  -1.92   -1.92  0.0
121.61  25.19  19.0  -0.17   -0.17  0.0
121.62  25.19  11.0  -0.25   -0.25  0.0
121.62  25.19  12.0  -2.21   -2.21  0.0
121.62  25.19  13.0  -5.15   -5.15  0.0
121.62  25.19  14.0  -7.70   -7.70  0.0
121.62  25.19  15.0  -8.70   -8.70  0.0
121.62  25.19  16.0  -7.70   -7.70  0.0
121.62  25.19  17.0  -5.15   -5.15  0.0
121.62  25.19  18.0  -2.21   -2.21  0.0
121.62  25.19  19.0  -0.25   -0.25  0.0
121.62  25.19  11.0  -0.26   -0.26  0.0
121.62  25.19  12.0  -2.23   -2.23  0.0
121.62  25.19  13.0  -5.20   -5.20  0.0
121.62  25.19  14.0  -7.76   -7.76  0.0
121.62  25.19  15.0  -8.76   -8.76  0.0
121.62  25.19  16.0  -7.76   -7.76  0.0
121.62  25.19  17.0  -5.20   -5.20  0.0
121.62  25.19  18.0  -2.23   -2.23  0.0
121.62  25.19  19.0  -0.26   -0.26  0.0
121.63  25.19  11.0  -0.19   -0.19  0.0
121.63  25.19  12.0  -1.99   -1.99  0.0
121.63  25.19  13.0  -4.79   -4.79  0.0
121.63  25.19  14.0  -7.24   -7.24  0.0
121.63  25.19  15.0  -8.20   -8.20  0.0
121.63  25.19  16.0  -7.24   -7.24  0.0
121.63  25.19  17.0  -4.79   -4.79  0.0
121.63  25.19  18.0  -1.99   -1.99  0.0
121.63  25.19  19.0  -0.19   -0.19  0.0
121.63  25.19  11.0  -0.08   -0.08  0.0
121.63  25.19  12.0  -1.54   -1.54  0.0
121.63  25.19  13.0  -4.01   -4.01  0.0
121.63  25.19  14.0  -6.21   -6.21  0.0
121.63  25.19  15.0  -7.08   -7.08  0.0
121.63  25.19  16.0  -6.21   -6.21  0.0
121.63  25.19  17.0  -4.01   -4.01  0.0
121.63  25.19  18.0  -1.54   -1.54  0.0
121.63  25.19  19.0  -0.08   -0.08  0.0
121.64  25.19  11.0  -0.00   -0.00  0.0
121.64  25.19  12.0  -0.97   -0.97  0.0
121.64  25.19  13.0  -2.96   -2.96  0.0
121.64  25.19  14.0  -4.82   -4.82  0.0
121.64  25.19  15.0  -5.57   -5.57  0.0
121.64  25.19  16.0  -4.82   -4.82  0.0
121.64  25.19  17.0  -2.96   -2.96  0.0
121.64  25.19  18.0  -0.97   -0.97  0.0
121.64  25.19  19.0  -0.00   -0.00  0.0
121.64  25.19  12.0  -0.43   -0.43  0.0
121.64  25.19  13.0  -1.85   -1.85  0.0
121.64  25.19  14.0  -3.29   -3.29  0.0
121.64  25.19  15.0  -3.89   -3.89  0.0
121.64  25.19  16.0  -3.29   -3.29  0.0
121.64  25.19  17.0  -1.85   -1.85  0.0
121.64  25.19  18.0  -0.43   -0.43  0.0
121.65  25.19  12.0  -0.07   -0.07  0.0
121.65  25.19  13.0  -0.86   -0.86  0.0
121.65  25.19  14.0  -1.84   -1.84  0.0
121.65  25.19  15.0  -2.26   -2.26  0.0
121.65  25.19  16.0  -1.84   -1.84  0.0
121.65  25.19  17.0  -0.86   -0.86  0.0
121.65  25.19  18.0  -0.07   -0.07  0.0
121.65  25.19  13.0  -0.19   -0.19  0.0
121.65  25.19  14.0  -0.70   -0.70  0.0
121.65  25.19  15.0  -0.95   -0.95  0.0
121.65  25.19  16.0  -0.70   -0.70  0.0
121.65  25.19  17.0  -0.19   -0.19  0.0
121.66  25.19  14.0  -0.08   -0.08  0.0
121.66  25.19  15.0  -0.16   -0.16  0.0
121.66  25.19  16.0  -0.08   -0.08  0.0
121.58  25.19  13.0  -0.00   -0.00  0.0
121.58  25.19  14.0  -0.19   -0.19  0.0
121.58  25.19  15.0  -0.32   -0.32  0.0
121.58  25.19  16.0  -0.19   -0.19  0.0
121.58  25.19  17.0  -0.00   -0.00  0.0
121.59  25.19  13.0  -0.38   -0.38  0.0
121.59  25.19  14.0  -1.05   -1.05  0.0
121.59  25.19  15.0  -1.37   -1.37  0.0
121.59  25.19  16.0  -1.05   -1.05  0.0
121.59  25.19  17.0  -0.38   -0.38  0.0
121.59  25.19  12.0  -0.20   -0.20  0.0
121.59  25.19  13.0  -1.29   -1.29  0.0
121.59  25.19  14.0  -2.49   -2.49  0.0
121.59  25.19  15.0  -2.99   -2.99  0.0
121.59  25.19  16.0  -2.49   -2.49  0.0
121.59  25.19  17.0  -1.29   -1.29  0.0
121.59  25.19  18.0  -0.20   -0.20  0.0
121.60  25.19  12.0  -0.76   -0.76  0.0
121.60  25.19  13.0  -2.56   -2.56  0.0
121.60  25.19  14.0  -4.27   -4.27  0.0
121.60  25.19  15.0  -4.97   -4.97  0.0
121.60  25.19  16.0  -4.27   -4.27  0.0
121.60  25.19  17.0  -2.56   -2.56  0.0
121.60  25.19  18.0  -0.76   -0.76  0.0
121.60  25.19  11.0  -0.08   -0.08  0.0
121.60  25.19  12.0  -1.52   -1.52  0.0
121.60  25.19  13.0  -3.97   -3.97  0.0
121.60  25.19  14.0  -6.16   -6.16  0.0
121.60  25.19  15.0  -7.03   -7.03  0.0
121.60  25.19  16.0  -6.16   -6.16  0.0
121.60  25.19  17.0  -3.97   -3.97  0.0
121.60  25.19  18.0  -1.52   -1.52  0.0
121.60  25.19  19.0  -0.08   -0.08  0.0
121.61  25.19  11.0  -0.28   -0.28  0.0
121.61  25.19  12.0  -2.29   -2.29  0.0
121.61  25.19  13.0  -5.29   -5.29  0.0
121.61  25.19  14.0  -7.88   -7.88  0.0
121.61  25.19  15.0  -8.89   -8.89  0.0
121.61  25.19  16.0  -7.88   -7.88  0.0
121.61  25.19  17.0  -5.29   -5.29  0.0
121.61  25.19  18.0  -2.29   -2.29  0.0
121.61  25.19  19.0  -0.28   -0.28  0.0
121.61  25.19  11.0  -0.49   -0.49  0.0
121.61  25.19  12.0  -2.93   -2.93  0.0
121.61  25.19  13.0  -6.33   -6.33  0.0
121.61  25.19  14.0  -9.20   -9.20  0.0
121.61  25.19  15.0 -10.32  -10.32  0.0
121.61  25.19  16.0  -9.20   -9.20  0.0
121.61  25.19  17.0  -6.33   -6.33  0.0
121.61  25.19  18.0  -2.93   -2.93  0.0
121.61  25.19  19.0  -0.49   -0.49  0.0
121.62  25.19  11.0  -0.63   -0.63  0.0
121.62  25.19  12.0  -3.30   -3.30  0.0
121.62  25.19  13.0  -6.92   -6.92  0.0
121.62  25.19  14.0  -9.95   -9.95  0.0
121.62  25.19  15.0 -11.12  -11.12  0.0
121.62  25.19  16.0  -9.95   -9.95  0.0
121.62  25.19  17.0  -6.92   -6.92  0.0
121.62  25.19  18.0  -3.30   -3.30  0.0
121.62  25.19  19.0  -0.63   -0.63  0.0
121.62  25.19  11.0  -0.64   -0.64  0.0
121.62  25.19  12.0  -3.33   -3.33  0.0
121.62  25.19  13.0  -6.97   -6.97  0.0
121.62  25.19  14.0 -10.02  -10.02  0.0
121.62  25.19  15.0 -11.20  -11.20  0.0
121.62  25.19  16.0 -10.02  -10.02  0.0
121.62  25.19  17.0  -6.97   -6.97  0.0
121.62  25.19  18.0  -3.33   -3.33  0.0
121.62  25.19  19.0  -0.64   -0.64  0.0
121.63  25.19  11.0  -0.52   -0.52  0.0
121.63  25.19  12.0  -3.02   -3.02  0.0
121.63  25.19  13.0  -6.49   -6.49  0.0
121.63  25.19  14.0  -9.40   -9.40  0.0
121.63  25.19  15.0 -10.53  -10.53  0.0
121.63  25.19  16.0  -9.40   -9.40  0.0
121.63  25.19  17.0  -6.49   -6.49  0.0
121.63  25.19  18.0  -3.02   -3.02  0.0
121.63  25.19  19.0  -0.52   -0.52  0.0
121.63  25.19  11.0  -0.32   -0.32  0.0
121.63  25.19  12.0  -2.43   -2.43  0.0
121.63  25.19  13.0  -5.53   -5.53  0.0
121.63  25.19  14.0  -8.18   -8.18  0.0
121.63  25.19  15.0  -9.22   -9.22  0.0
121.63  25.19  16.0  -8.18   -8.18  0.0
121.63  25.19  17.0  -5.53   -5.53  0.0
121.63  25.19  18.0  -2.43   -2.43  0.0
121.63  25.19  19.0  -0.32   -0.32  0.0
121.64  25.19  11.0  -0.11   -0.11  0.0
121.64  25.19  12.0  -1.67   -1.67  0.0
121.64  25.19  13.0  -4.24   -4.24  0.0
121.64  25.19  14.0  -6.52   -6.52  0.0
121.64  25.19  15.0  -7.42   -7.42  0.0
121.64  25.19  16.0  -6.52   -6.52  0.0
121.64  25.19  17.0  -4.24   -4.24  0.0
121.64  25.19  18.0  -1.67   -1.67  0.0
121.64  25.19  19.0  -0.11   -0.11  0.0
121.64  25.19  11.0  -0.00   -0.00  0.0
121.64  25.19  12.0  -0.90   -0.90  0.0
121.64  25.19  13.0  -2.83   -2.83  0.0
121.64  25.19  14.0  -4.65   -4.65  0.0
121.64  25.19  15.0  -5.38   -5.38  0.0
121.64  25.19  16.0  -4.65   -4.65  0.0
121.64  25.19  17.0  -2.83   -2.83  0.0
121.64  25.19  18.0  -0.90   -0.90  0.0
121.64  25.19  19.0  -0.00   -0.00  0.0
121.65  25.19  12.0  -0.29   -0.29  0.0
121.65  25.19  13.0  -1.52   -1.52  0.0
121.65  25.19  14.0  -2.82   -2.82  0.0
121.65  25.19  15.0  -3.37   -3.37  0.0
121.65  25.19  16.0  -2.82   -2.82  0.0
121.65  25.19  17.0  -1.52   -1.52  0.0
121.65  25.19  18.0  -0.29   -0.29  0.0
121.65  25.19  12.0  -0.01   -0.01  0.0
121.65  25.19  13.0  -0.52   -0.52  0.0
121.65  25.19  14.0  -1.30   -1.30  0.0
121.65  25.19  15.0  -1.65   -1.65  0.0
121.65  25.19  16.0  -1.30   -1.30  0.0
121.65  25.19  17.0  -0.52   -0.52  0.0
121.65  25.19  18.0  -0.01   -0.01  0.0
121.66  25.19  13.0  -0.03   -0.03  0.0
121.66  25.19  14.0  -0.31   -0.31  0.0
121.66  25.19  15.0  -0.47   -0.47  0.0
121.66  25.19  16.0  -0.31   -0.31  0.0
121.66  25.19  17.0  -0.03   -0.03  0.0
121.66  25.19  15.0  -0.00   -0.00  0.0
121.58  25.20  15.0  -0.01   -0.01  0.0
121.58  25.20  13.0  -0.06   -0.06  0.0
121.58  25.20  14.0  -0.40   -0.40  0.0
121.58  25.20  15.0  -0.60   -0.60  0.0
121.58  25.20  16.0  -0.40   -0.40  0.0
121.58  25.20  17.0  -0.06   -0.06  0.0
121.59  25.20  12.0  -0.03   -0.03  0.0
121.59  25.20  13.0  -0.68   -0.68  0.0
121.59  25.20  14.0  -1.56   -1.56  0.0
121.59  25.20  15.0  -1.94   -1.94  0.0
121.59  25.20  16.0  -1.56   -1.56  0.0
121.59  25.20  17.0  -0.68   -0.68  0.0
121.59  25.20  18.0  -0.03   -0.03  0.0
121.59  25.20  12.0  -0.43   -0.43  0.0
121.59  25.20  13.0  -1.85   -1.85  0.0
121.59  25.20  14.0  -3.29   -3.29  0.0
121.59  25.20  15.0  -3.89   -3.89  0.0
121.59  25.20  16.0  -3.29   -3.29  0.0
121.59  25.20  17.0  -1.85   -1.85  0.0
121.59  25.20  18.0  -0.43   -0.43  0.0
121.60  25.20  11.0  -0.02   -0.02  0.0
121.60  25.20  12.0  -1.19   -1.19  0.0
121.60  25.20  13.0  -3.37   -3.37  0.0
121.60  25.20  14.0  -5.37   -5.37  0.0
121.60  25.20  15.0  -6.17   -6.17  0.0
121.60  25.20  16.0  -5.37   -5.37  0.0
121.60  25.20  17.0  -3.37   -3.37  0.0
121.60  25.20  18.0  -1.19   -1.19  0.0
121.60  25.20  19.0  -0.02   -0.02  0.0
121.60  25.20  11.0  -0.23   -0.23  0.0
121.60  25.20  12.0  -2.13   -2.13  0.0
121.60  25.20  13.0  -5.02   -5.02  0.0
121.60  25.20  14.0  -7.52   -7.52  0.0
121.60  25.20  15.0  -8.51   -8.51  0.0
121.60  25.20  16.0  -7.52   -7.52  0.0
121.60  25.20  17.0  -5.02   -5.02  0.0
121.60  25.20  18.0  -2.13   -2.13  0.0
121.60  25.20  19.0  -0.23   -0.23  0.0
121.61  25.20  11.0  -0.54   -0.54  0.0
121.61  25.20  12.0  -3.06   -3.06  0.0
121.61  25.20  13.0  -6.54   -6.54  0.0
121.61  25.20  14.0  -9.47   -9.47  0.0
121.61  25.20  15.0 -10.61  -10.61  0.0
121.61  25.20  16.0  -9.47   -9.47  0.0
121.61  25.20  17.0  -6.54   -6.54  0.0
121.61  25.20  18.0  -3.06   -3.06  0.0
121.61  25.20  19.0  -0.54   -0.54  0.0
121.61  25.20  11.0  -0.83   -0.83  0.0
121.61  25.20  12.0  -3.81   -3.81  0.0
121.61  25.20  13.0  -7.72   -7.72  0.0
121.61  25.20  14.0 -10.96  -10.96  0.0
121.61  25.20  15.0 -12.20  -12.20  0.0
121.61  25.20  16.0 -10.96  -10.96  0.0
121.61  25.20  17.0  -7.72   -7.72  0.0
121.61  25.20  18.0  -3.81   -3.81  0.0
121.61  25.20  19.0  -0.83   -0.83  0.0
121.62  25.20  11.0  -1.01   -1.01  0.0
121.62  25.20  12.0  -4.24   -4.24  0.0
121.62  25.20  13.0  -8.39   -8.39  0.0
121.62  25.20  14.0 -11.79  -11.79  0.0
121.62  25.20  15.0 -13.10  -13.10  0.0
121.62  25.20  16.0 -11.79  -11.79  0.0
121.62  25.20  17.0  -8.39   -8.39  0.0
121.62  25.20  18.0  -4.24   -4.24  0.0
121.62  25.20  19.0  -1.01   -1.01  0.0
121.62  25.20  11.0  -1.03   -1.03  0.0
121.62  25.20  12.0  -4.28   -4.28  0.0
121.62  25.20  13.0  -8.45   -8.45  0.0
121.62  25.20  14.0 -11.87  -11.87  0.0
121.62  25.20  15.0 -13.18  -13.18  0.0
121.62  25.20  16.0 -11.87  -11.87  0.0
121.62  25.20  17.0  -8.45   -8.45  0.0
121.62  25.20  18.0  -4.28   -4.28  0.0
121.62  25.20  19.0  -1.03   -1.03  0.0
121.63  25.20  11.0  -0.88   -0.88  0.0
121.63  25.20  12.0  -3.92   -3.92  0.0
121.63  25.20  13.0  -7.90   -7.90  0.0
121.63  25.20  14.0 -11.18  -11.18  0.0
121.63  25.20  15.0 -12.44  -12.44  0.0
121.63  25.20  16.0 -11.18  -11.18  0.0
121.63  25.20  17.0  -7.90   -7.90  0.0
121.63  25.20  18.0  -3.92   -3.92  0.0
121.63  25.20  19.0  -0.88   -0.88  0.0
121.63  25.20  11.0  -0.60   -0.60  0.0
121.63  25.20  12.0  -3.23   -3.23  0.0
121.63  25.20  13.0  -6.81   -6.81  0.0
121.63  25.20  14.0  -9.81   -9.81  0.0
121.63  25.20  15.0 -10.97  -10.97  0.0
121.63  25.20  16.0  -9.81   -9.81  0.0
121.63  25.20  17.0  -6.81   -6.81  0.0
121.63  25.20  18.0  -3.23   -3.23  0.0
121.63  25.20  19.0  -0.60   -0.60  0.0
121.64  25.20  11.0  -0.28   -0.28  0.0
121.64  25.20  12.0  -2.32   -2.32  0.0
121.64  25.20  13.0  -5.34   -5.34  0.0
121.64  25.20  14.0  -7.94   -7.94  0.0
121.64  25.20  15.0  -8.96   -8.96  0.0
121.64  25.20  16.0  -7.94   -7.94  0.0
121.64  25.20  17.0  -5.34   -5.34  0.0
121.64  25.20  18.0  -2.32   -2.32  0.0
121.64  25.20  19.0  -0.28   -0.28  0.0
121.64  25.20  11.0  -0.05   -0.05  0.0
121.64  25.20  12.0  -1.37   -1.37  0.0
121.64  25.20  13.0  -3.70   -3.70  0.0
121.64  25.20  14.0  -5.81   -5.81  0.0
121.64  25.20  15.0  -6.64   -6.64  0.0
121.64  25.20  16.0  -5.81   -5.81  0.0
121.64  25.20  17.0  -3.70   -3.70  0.0
121.64  25.20  18.0  -1.37   -1.37  0.0
121.64  25.20  19.0  -0.05   -0.05  0.0
121.65  25.20  12.0  -0.56   -0.56  0.0
121.65  25.20  13.0  -2.13   -2.13  0.0
121.65  25.20  14.0  -3.69   -3.69  0.0
121.65  25.20  15.0  -4.32   -4.32  0.0
121.65  25.20  16.0  -3.69   -3.69  0.0
121.65  25.20  17.0  -2.13   -2.13  0.0
121.65  25.20  18.0  -0.56   -0.56  0.0
121.65  25.20  12.0  -0.07   -0.07  0.0
121.65  25.20  13.0  -0.87   -0.87  0.0
121.65  25.20  14.0  -1.86   -1.86  0.0
121.65  25.20  15.0  -2.29   -2.29  0.0
121.65  25.20  16.0  -1.86   -1.86  0.0
121.65  25.20  17.0  -0.87   -0.87  0.0
121.65  25.20  18.0  -0.07   -0.07  0.0
121.66  25.20  13.0  -0.13   -0.13  0.0
121.66  25.20  14.0  -0.58   -0.58  0.0
121.66  25.20  15.0  -0.81   -0.81  0.0
121.66  25.20  16.0  -0.58   -0.58  0.0
121.66  25.20  17.0  -0.13   -0.13  0.0
121.66  25.20  14.0  -0.02   -0.02  0.0
121.66  25.20  15.0  -0.06   -0.06  0.0
121.66  25.20  16.0  -0.02   -0.02  0.0
121.58  25.20  14.0  -0.01   -0.01  0.0
121.58  25.20  15.0  -0.06   -0.06  0.0
121.58  25.20  16.0  -0.01   -0.01  0.0
121.58  25.20  13.0  -0.13   -0.13  0.0
121.58  25.20  14.0  -0.58   -0.58  0.0
121.58  25.20  15.0  -0.81   -0.81  0.0
121.58  25.20  16.0  -0.58   -0.58  0.0
121.58  25.20  17.0  -0.13   -0.13  0.0
121.59  25.20  12.0  -0.08   -0.08  0.0
121.59  25.20  13.0  -0.90   -0.90  0.0
121.59  25.20  14.0  -1.91   -1.91  0.0
121.59  25.20  15.0  -2.35   -2.35  0.0
121.59  25.20  16.0  -1.91   -1.91  0.0
121.59  25.20  17.0  -0.90   -0.90  0.0
121.59  25.20  18.0  -0.08   -0.08  0.0
121.59  25.20  12.0  -0.61   -0.61  0.0
121.59  25.20  13.0  -2.24   -2.24  0.0
121.59  25.20  14.0  -3.84   -3.84  0.0
121.59  25.20  15.0  -4.49   -4.49  0.0
121.59  25.20  16.0  -3.84   -3.84  0.0
121.59  25.20  17.0  -2.24   -2.24  0.0
121.59  25.20  18.0  -0.61   -0.61  0.0
121.60  25.20  11.0  -0.07   -0.07  0.0
121.60  25.20  12.0  -1.49   -1.49  0.0
121.60  25.20  13.0  -3.93   -3.93  0.0
121.60  25.20  14.0  -6.11   -6.11  0.0
121.60  25.20  15.0  -6.97   -6.97  0.0
121.60  25.20  16.0  -6.11   -6.11  0.0
121.60  25.20  17.0  -3.93   -3.93  0.0
121.60  25.20  18.0  -1.49   -1.49  0.0
121.60  25.20  19.0  -0.07   -0.07  0.0
121.60  25.20  11.0  -0.36   -0.36  0.0
121.60  25.20  12.0  -2.55   -2.55  0.0
121.60  25.20  13.0  -5.72   -5.72  0.0
121.60  25.20  14.0  -8.43   -8.43  0.0
121.60  25.20  15.0  -9.49   -9.49  0.0
121.60  25.20  16.0  -8.43   -8.43  0.0
121.60  25.20  17.0  -5.72   -5.72  0.0
121.60  25.20  18.0  -2.55   -2.55  0.0
121.60  25.20  19.0  -0.36   -0.36  0.0
121.61  25.20  11.0  -0.74   -0.74  0.0
121.61  25.20  12.0  -3.58   -3.58  0.0
121.61  25.20  13.0  -7.37   -7.37  0.0
121.61  25.20  14.0 -10.52  -10.52  0.0
121.61  25.20  15.0 -11.73  -11.73  0.0
121.61  25.20  16.0 -10.52  -10.52  0.0
121.61  25.20  17.0  -7.37   -7.37  0.0
121.61  25.20  18.0  -3.58   -3.58  0.0
121.61  25.20  19.0  -0.74   -0.74  0.0
121.61  25.20  11.0  -1.08   -1.08  0.0
121.61  25.20  12.0  -4.40   -4.40  0.0
121.61  25.20  13.0  -8.64   -8.64  0.0
121.61  25.20  14.0 -12.10  -12.10  0.0
121.61  25.20  15.0 -13.43  -13.43  0.0
121.61  25.20  16.0 -12.10  -12.10  0.0
121.61  25.20  17.0  -8.64   -8.64  0.0
121.61  25.20  18.0  -4.40   -4.40  0.0
121.61  25.20  19.0  -1.08   -1.08  0.0
121.62  25.20  11.0  -1.29   -1.29  0.0
121.62  25.20  12.0  -4.88   -4.88  0.0
121.62  25.20  13.0  -9.36   -9.36  0.0
121.62  25.20  14.0 -13.00  -13.00  0.0
121.62  25.20  15.0 -14.39  -14.39  0.0
121.62  25.20  16.0 -13.00  -13.00  0.0
121.62  25.20  17.0  -9.36   -9.36  0.0
121.62  25.20  18.0  -4.88   -4.88  0.0
121.62  25.20  19.0  -1.29   -1.29  0.0
121.62  25.20  11.0  -1.31   -1.31  0.0
121.62  25.20  12.0  -4.92   -4.92  0.0
121.62  25.20  13.0  -9.42   -9.42  0.0
121.62  25.20  14.0 -13.08  -13.08  0.0
121.62  25.20  15.0 -14.48  -14.48  0.0
121.62  25.20  16.0 -13.08  -13.08  0.0
121.62  25.20  17.0  -9.42   -9.42  0.0
121.62  25.20  18.0  -4.92   -4.92  0.0
121.62  25.20  19.0  -1.31   -1.31  0.0
121.63  25.20  11.0  -1.14   -1.14  0.0
121.63  25.20  12.0  -4.53   -4.53  0.0
121.63  25.20  13.0  -8.83   -8.83  0.0
121.63  25.20  14.0 -12.34  -12.34  0.0
121.63  25.20  15.0 -13.69  -13.69  0.0
121.63  25.20  16.0 -12.34  -12.34  0.0
121.63  25.20  17.0  -8.83   -8.83  0.0
121.63  25.20  18.0  -4.53   -4.53  0.0
121.63  25.20  19.0  -1.14   -1.14  0.0
121.63  25.20  11.0  -0.81   -0.81  0.0
121.63  25.20  12.0  -3.77   -3.77  0.0
121.63  25.20  13.0  -7.66   -7.66  0.0
121.63  25.20  14.0 -10.88  -10.88  0.0
121.63  25.20  15.0 -12.12  -12.12  0.0
121.63  25.20  16.0 -10.88  -10.88  0.0
121.63  25.20  17.0  -7.66   -7.66  0.0
121.63  25.20  18.0  -3.77   -3.77  0.0
121.63  25.20  19.0  -0.81   -0.81  0.0
121.64  25.20  11.0  -0.43   -0.43  0.0
121.64  25.20  12.0  -2.77   -2.77  0.0
121.64  25.20  13.0  -6.07   -6.07  0.0
121.64  25.20  14.0  -8.88   -8.88  0.0
121.64  25.20  15.0  -9.97   -9.97  0.0
121.64  25.20  16.0  -8.88   -8.88  0.0
121.64  25.20  17.0  -6.07   -6.07  0.0
121.64  25.20  18.0  -2.77   -2.77  0.0
121.64  25.20  19.0  -0.43   -0.43  0.0
121.64  25.20  11.0  -0.12   -0.12  0.0
121.64  25.20  12.0  -1.70   -1.70  0.0
121.64  25.20  13.0  -4.29   -4.29  0.0
121.64  25.20  14.0  -6.58   -6.58  0.0
121.64  25.20  15.0  -7.48   -7.48  0.0
121.64  25.20  16.0  -6.58   -6.58  0.0
121.64  25.20  17.0  -4.29   -4.29  0.0
121.64  25.20  18.0  -1.70   -1.70  0.0
121.64  25.20  19.0  -0.12   -0.12  0.0
121.65  25.20  12.0  -0.76   -0.76  0.0
121.65  25.20  13.0  -2.56   -2.56  0.0
121.65  25.20  14.0  -4.27   -4.27  0.0
121.65  25.20  15.0  -4.97   -4.97  0.0
121.65  25.20  16.0  -4.27   -4.27  0.0
121.65  25.20  17.0  -2.56   -2.56  0.0
121.65  25.20  18.0  -0.76   -0.76  0.0
121.65  25.20  12.0  -0.15   -0.15  0.0
121.65  25.20  13.0  -1.13   -1.13  0.0
121.65  25.20  14.0  -2.26   -2.26  0.0
121.65  25.20  15.0  -2.74   -2.74  0.0
121.65  25.20  16.0  -2.26   -2.26  0.0
121.65  25.20  17.0  -1.13   -1.13  0.0
121.65  25.20  18.0  -0.15   -0.15  0.0
121.66  25.20  13.0  -0.23   -0.23  0.0
121.66  25.20  14.0  -0.79   -0.79  0.0
121.66  25.20  15.0  -1.06   -1.06  0.0
121.66  25.20  16.0  -0.79   -0.79  0.0
121.66  25.20  17.0  -0.23   -0.23  0.0
121.66  25.20  14.0  -0.06   -0.06  0.0
121.66  25.20  15.0  -0.14   -0.14  0.0
121.66  25.20  16.0  -0.06   -0.06  0.0
121.58  25.21  14.0  -0.02   -0.02  0.0
121.58  25.21  15.0  -0.08   -0.08  0.0
121.58  25.21  16.0  -0.02   -0.02  0.0
121.58  25.21  13.0  -0.16   -0.16  0.0
121.58  25.21  14.0  -0.65   -0.65  0.0
121.58  25.21  15.0  -0.89   -0.89  0.0
121.58  25.21  16.0  -0.65   -0.65  0.0
121.58  25.21  17.0  -0.16   -0.16  0.0
121.59  25.21  12.0  -0.10   -0.10  0.0
121.59  25.21  13.0  -0.99   -0.99  0.0
121.59  25.21  14.0  -2.04   -2.04  0.0
121.59  25.21  15.0  -2.49   -2.49  0.0
121.59  25.21  16.0  -2.04   -2.04  0.0
121.59  25.21  17.0  -0.99   -0.99  0.0
121.59  25.21  18.0  -0.10   -0.10  0.0
121.59  25.21  12.0  -0.67   -0.67  0.0
121.59  25.21  13.0  -2.38   -2.38  0.0
121.59  25.21  14.0  -4.03   -4.03  0.0
121.59  25.21  15.0  -4.70   -4.70  0.0
121.59  25.21  16.0  -4.03   -4.03  0.0
121.59  25.21  17.0  -2.38   -2.38  0.0
121.59  25.21  18.0  -0.67   -0.67  0.0
121.60  25.21  11.0  -0.10   -0.10  0.0
121.60  25.21  12.0  -1.60   -1.60  0.0
121.60  25.21  13.0  -4.12   -4.12  0.0
121.60  25.21  14.0  -6.36   -6.36  0.0
121.60  25.21  15.0  -7.25   -7.25  0.0
121.60  25.21  16.0  -6.36   -6.36  0.0
121.60  25.21  17.0  -4.12   -4.12  0.0
121.60  25.21  18.0  -1.60   -1.60  0.0
121.60  25.21  19.0  -0.10   -0.10  0.0
121.60  25.21  11.0  -0.41   -0.41  0.0
121.60  25.21  12.0  -2.70   -2.70  0.0
121.60  25.21  13.0  -5.97   -5.97  0.0
121.60  25.21  14.0  -8.75   -8.75  0.0
121.60  25.21  15.0  -9.83   -9.83  0.0
121.60  25.21  16.0  -8.75   -8.75  0.0
121.60  25.21  17.0  -5.97   -5.97  0.0
121.60  25.21  18.0  -2.70   -2.70  0.0
121.60  25.21  19.0  -0.41   -0.41  0.0
121.61  25.21  11.0  -0.81   -0.81  0.0
121.61  25.21  12.0  -3.77   -3.77  0.0
121.61  25.21  13.0  -7.66   -7.66  0.0
121.61  25.21  14.0 -10.88  -10.88  0.0
121.61  25.21  15.0 -12.12  -12.12  0.0
121.61  25.21  16.0 -10.88  -10.88  0.0
121.61  25.21  17.0  -7.66   -7.66  0.0
121.61  25.21  18.0  -3.77   -3.77  0.0
121.61  25.21  19.0  -0.81   -0.81  0.0
121.61  25.21  11.0  -1.17   -1.17  0.0
121.61  25.21  12.0  -4.61   -4.61  0.0
121.61  25.21  13.0  -8.96   -8.96  0.0
121.61  25.21  14.0 -12.50  -12.50  0.0
121.61  25.21  15.0 -13.86  -13.86  0.0
121.61  25.21  16.0 -12.50  -12.50  0.0
121.61  25.21  17.0  -8.96   -8.96  0.0
121.61  25.21  18.0  -4.61   -4.61  0.0
121.61  25.21  19.0  -1.17   -1.17  0.0
121.62  25.21  11.0  -1.39   -1.39  0.0
121.62  25.21  12.0  -5.10   -5.10  0.0
121.62  25.21  13.0  -9.69   -9.69  0.0
121.62  25.21  14.0 -13.41  -13.41  0.0
121.62  25.21  15.0 -14.84  -14.84  0.0
121.62  25.21  16.0 -13.41  -13.41  0.0
121.62  25.21  17.0  -9.69   -9.69  0.0
121.62  25.21  18.0  -5.10   -5.10  0.0
121.62  25.21  19.0  -1.39   -1.39  0.0
121.62  25.21  11.0  -1.42   -1.42  0.0
121.62  25.21  12.0  -5.15   -5.15  0.0
121.62  25.21  13.0  -9.76   -9.76  0.0
121.62  25.21  14.0 -13.50  -13.50  0.0
121.62  25.21  15.0 -14.93  -14.93  0.0
121.62  25.21  16.0 -13.50  -13.50  0.0
121.62  25.21  17.0  -9.76   -9.76  0.0
121.62  25.21  18.0  -5.15   -5.15  0.0
121.62  25.21  19.0  -1.42   -1.42  0.0
121.63  25.21  11.0  -1.23   -1.23  0.0
121.63  25.21  12.0  -4.74   -4.74  0.0
121.63  25.21  13.0  -9.16   -9.16  0.0
121.63  25.21  14.0 -12.75  -12.75  0.0
121.63  25.21  15.0 -14.12  -14.12  0.0
121.63  25.21  16.0 -12.75  -12.75  0.0
121.63  25.21  17.0  -9.16   -9.16  0.0
121.63  25.21  18.0  -4.74   -4.74  0.0
121.63  25.21  19.0  -1.23   -1.23  0.0
121.63  25.21  11.0  -0.89   -0.89  0.0
121.63  25.21  12.0  -3.96   -3.96  0.0
121.63  25.21  13.0  -7.96   -7.96  0.0
121.63  25.21  14.0 -11.25  -11.25  0.0
121.63  25.21  15.0 -12.52  -12.52  0.0
121.63  25.21  16.0 -11.25  -11.25  0.0
121.63  25.21  17.0  -7.96   -7.96  0.0
121.63  25.21  18.0  -3.96   -3.96  0.0
121.63  25.21  19.0  -0.89   -0.89  0.0
121.64  25.21  11.0  -0.49   -0.49  0.0
121.64  25.21  12.0  -2.93   -2.93  0.0
121.64  25.21  13.0  -6.33   -6.33  0.0
121.64  25.21  14.0  -9.20   -9.20  0.0
121.64  25.21  15.0 -10.32  -10.32  0.0
121.64  25.21  16.0  -9.20   -9.20  0.0
121.64  25.21  17.0  -6.33   -6.33  0.0
121.64  25.21  18.0  -2.93   -2.93  0.0
121.64  25.21  19.0  -0.49   -0.49  0.0
121.64  25.21  11.0  -0.15   -0.15  0.0
121.64  25.21  12.0  -1.82   -1.82  0.0
121.64  25.21  13.0  -4.49   -4.49  0.0
121.64  25.21  14.0  -6.85   -6.85  0.0
121.64  25.21  15.0  -7.77   -7.77  0.0
121.64  25.21  16.0  -6.85   -6.85  0.0
121.64  25.21  17.0  -4.49   -4.49  0.0
121.64  25.21  18.0  -1.82   -1.82  0.0
121.64  25.21  19.0  -0.15   -0.15  0.0
121.65  25.21  11.0  -0.00   -0.00  0.0
121.65  25.21  12.0  -0.84   -0.84  0.0
121.65  25.21  13.0  -2.71   -2.71  0.0
121.65  25.21  14.0  -4.48   -4.48  0.0
121.65  25.21  15.0  -5.20   -5.20  0.0
121.65  25.21  16.0  -4.48   -4.48  0.0
121.65  25.21  17.0  -2.71   -2.71  0.0
121.65  25.21  18.0  -0.84   -0.84  0.0
121.65  25.21  19.0  -0.00   -0.00  0.0
121.65  25.21  12.0  -0.18   -0.18  0.0
121.65  25.21  13.0  -1.23   -1.23  0.0
121.65  25.21  14.0  -2.40   -2.40  0.0
121.65  25.21  15.0  -2.90   -2.90  0.0
121.65  25.21  16.0  -2.40   -2.40  0.0
121.65  25.21  17.0  -1.23   -1.23  0.0
121.65  25.21  18.0  -0.18   -0.18  0.0
121.66  25.21  13.0  -0.27   -0.27  0.0
121.66  25.21  14.0  -0.87   -0.87  0.0
121.66  25.21  15.0  -1.15   -1.15  0.0
121.66  25.21  16.0  -0.87   -0.87  0.0
121.66  25.21  17.0  -0.27   -0.27  0.0
121.66  25.21  14.0  -0.08   -0.08  0.0
121.66  25.21  15.0  -0.17   -0.17  0.0
121.66  25.21  16.0  -0.08   -0.08  0.0
121.58  25.21  14.0  -0.01   -0.01  0.0
121.58  25.21  15.0  -0.06   -0.06  0.0
121.58  25.21  16.0  -0.01   -0.01  0.0
121.58  25.21  13.0  -0.13   -0.13  0.0
121.58  25.21  14.0  -0.58   -0.58  0.0
121.58  25.21  15.0  -0.81   -0.81  0.0
121.58  25.21  16.0  -0.58   -0.58  0.0
121.58  25.21  17.0  -0.13   -0.13  0.0
121.59  25.21  12.0  -0.08   -0.08  0.0
121.59  25.21  13.0  -0.90   -0.90  0.0
121.59  25.21  14.0  -1.91   -1.91  0.0
121.59  25.21  15.0  -2.35   -2.35  0.0
121.59  25.21  16.0  -1.91   -1.91  0.0
121.59  25.21  17.0  -0.90   -0.90  0.0
121.59  25.21  18.0  -0.08   -0.08  0.0
121.59  25.21  12.0  -0.61   -0.61  0.0
121.59  25.21  13.0  -2.24   -2.24  0.0
121.59  25.21  14.0  -3.84   -3.84  0.0
121.59  25.21  15.0  -4.49   -4.49  0.0
121.59  25.21  16.0  -3.84   -3.84  0.0
121.59  25.21  17.0  -2.24   -2.24  0.0
121.59  25.21  18.0  -0.61   -0.61  0.0
121.60  25.21  11.0  -0.07   -0.07  0.0
121.60  25.21  12.0  -1.49   -1.49  0.0
121.60  25.21  13.0  -3.93   -3.93  0.0
121.60  25.21  14.0  -6.11   -6.11  0.0
121.60  25.21  15.0  -6.97   -6.97  0.0
121.60  25.21  16.0  -6.11   -6.11  0.0
121.60  25.21  17.0  -3.93   -3.93  0.0
121.60  25.21  18.0  -1.49   -1.49  0.0
121.60  25.21  19.0  -0.07   -0.07  0.0
121.60  25.21  11.0  -0.36   -0.36  0.0
121.60  25.21  12.0  -2.55   -2.55  0.0
121.60  25.21  13.0  -5.72   -5.72  0.0
121.60  25.21  14.0  -8.43   -8.43  0.0
121.60  25.21  15.0  -9.49   -9.49  0.0
121.60  25.21  16.0  -8.43   -8.43  0.0
121.60  25.21  17.0  -5.72   -5.72  0.0
121.60  25.21  18.0  -2.55   -2.55  0.0
121.60  25.21  19.0  -0.36   -0.36  0.0
121.61  25.21  11.0  -0.74   -0.74  0.0
121.61  25.21  12.0  -3.58   -3.58  0.0
121.61  25.21  13.0  -7.37   -7.37  0.0
121.61  25.21  14.0 -10.52  -10.52  0.0
121.61  25.21  15.0 -11.73  -11.73  0.0
121.61  25.21  16.0 -10.52  -10.52  0.0
121.61  25.21  17.0  -7.37   -7.37  0.0
121.61  25.21  18.0  -3.58   -3.58  0.0
121.61  25.21  19.0  -0.74   -0.74  0.0
121.61  25.21  11.0  -1.08   -1.08  0.0
121.61  25.21  12.0  -4.40   -4.40  0.0
121.61  25.21  13.0  -8.64   -8.64  0.0
121.61  25.21  14.0 -12.10  -12.10  0.0
121.61  25.21  15.0 -13.43  -13.43  0.0
121.61  25.21  16.0 -12.10  -12.10  0.0
121.61  25.21  17.0  -8.64   -8.64  0.0
121.61  25.21  18.0  -4.40   -4.40  0.0
121.61  25.21  19.0  -1.08   -1.08  0.0
121.62  25.21  11.0  -1.29   -1.29  0.0
121.62  25.21  12.0  -4.88   -4.88  0.0
121.62  25.21  13.0  -9.36   -9.36  0.0
121.62  25.21  14.0 -13.00  -13.00  0.0
121.62  25.21  15.0 -14.39  -14.39  0.0
121.62  25.21  16.0 -13.00  -13.00  0.0
121.62  25.21  17.0  -9.36   -9.36  0.0
121.62  25.21  18.0  -4.88   -4.88  0.0
121.62  25.21  19.0  -1.29   -1.29  0.0
121.62  25.21  11.0  -1.31   -1.31  0.0
121.62  25.21  12.0  -4.92   -4.92  0.0
121.62  25.21  13.0  -9.42   -9.42  0.0
121.62  25.21  14.0 -13.08  -13.08  0.0
121.62  25.21  15.0 -14.48  -14.48  0.0
121.62  25.21  16.0 -13.08  -13.08  0.0
121.62  25.21  17.0  -9.42   -9.42  0.0
121.62  25.21  18.0  -4.92   -4.92  0.0
121.62  25.21  19.0  -1.31   -1.31  0.0
121.63  25.21  11.0  -1.14   -1.14  0.0
121.63  25.21  12.0  -4.53   -4.53  0.0
121.63  25.21  13.0  -8.83   -8.83  0.0
121.63  25.21  14.0 -12.34  -12.34  0.0
121.63  25.21  15.0 -13.69  -13.69  0.0
121.63  25.21  16.0 -12.34  -12.34  0.0
121.63  25.21  17.0  -8.83   -8.83  0.0
121.63  25.21  18.0  -4.53   -4.53  0.0
121.63  25.21  19.0  -1.14   -1.14  0.0
121.63  25.21  11.0  -0.81   -0.81  0.0
121.63  25.21  12.0  -3.77   -3.77  0.0
121.63  25.21  13.0  -7.66   -7.66  0.0
121.63  25.21  14.0 -10.88  -10.88  0.0
121.63  25.21  15.0 -12.12  -12.12  0.0
121.63  25.21  16.0 -10.88  -10.88  0.0
121.63  25.21  17.0  -7.66   -7.66  0.0
121.63  25.21  18.0  -3.77   -3.77  0.0
121.63  25.21  19.0  -0.81   -0.81  0.0
121.64  25.21  11.0  -0.43   -0.43  0.0
121.64  25.21  12.0  -2.77   -2.77  0.0
121.64  25.21  13.0  -6.07   -6.07  0.0
121.64  25.21  14.0  -8.88   -8.88  0.0
121.64  25.21  15.0  -9.97   -9.97  0.0
121.64  25.21  16.0  -8.88   -8.88  0.0
121.64  25.21  17.0  -6.07   -6.07  0.0
121.64  25.21  18.0  -2.77   -2.77  0.0
121.64  25.21  19.0  -0.43   -0.43  0.0
121.64  25.21  11.0  -0.12   -0.12  0.0
121.64  25.21  12.0  -1.70   -1.70  0.0
121.64  25.21  13.0  -4.29   -4.29  0.0
121.64  25.21  14.0  -6.58   -6.58  0.0
121.64  25.21  15.0  -7.48   -7.48  0.0
121.64  25.21  16.0  -6.58   -6.58  0.0
121.64  25.21  17.0  -4.29   -4.29  0.0
121.64  25.21  18.0  -1.70   -1.70  0.0
121.64  25.21  19.0  -0.12   -0.12  0.0
121.65  25.21  12.0  -0.76   -0.76  0.0
121.65  25.21  13.0  -2.56   -2.56  0.0
121.65  25.21  14.0  -4.27   -4.27  0.0
121.65  25.21  15.0  -4.97   -4.97  0.0
121.65  25.21  16.0  -4.27   -4.27  0.0
121.65  25.21  17.0  -2.56   -2.56  0.0
121.65  25.21  18.0  -0.76   -0.76  0.0
121.65  25.21  12.0  -0.15   -0.15  0.0
121.65  25.21  13.0  -1.13   -1.13  0.0
121.65  25.21  14.0  -2.26   -2.26  0.0
121.65  25.21  15.0  -2.74   -2.74  0.0
121.65  25.21  16.0  -2.26   -2.26  0.0
121.65  25.21  17.0  -1.13   -1.13  0.0
121.65  25.21  18.0  -0.15   -0.15  0.0
121.66  25.21  13.0  -0.23   -0.23  0.0
121.66  25.21  14.0  -0.79   -0.79  0.0
121.66  25.21  15.0  -1.06   -1.06  0.0
121.66  25.21  16.0  -0.79   -0.79  0.0
121.66  25.21  17.0  -0.23   -0.23  0.0
121.66  25.21  14.0  -0.06   -0.06  0.0
121.66  25.21  15.0  -0.14   -0.14  0.0
121.66  25.21  16.0  -0.06   -0.06  0.0
121.58  25.22  15.0  -0.01   -0.01  0.0
121.58  25.22  13.0  -0.06   -0.06  0.0
121.58  25.22  14.0  -0.40   -0.40  0.0
121.58  25.22  15.0  -0.60   -0.60  0.0
121.58  25.22  16.0  -0.40   -0.40  0.0
121.58  25.22  17.0  -0.06   -0.06  0.0
121.59  25.22  12.0  -0.03   -0.03  0.0
121.59  25.22  13.0  -0.68   -0.68  0.0
121.59  25.22  14.0  -1.56   -1.56  0.0
121.59  25.22  15.0  -1.94   -1.94  0.0
121.59  25.22  16.0  -1.56   -1.56  0.0
121.59  25.22  17.0  -0.68   -0.68  0.0
121.59  25.22  18.0  -0.03   -0.03  0.0
121.59  25.22  12.0  -0.43   -0.43  0.0
121.59  25.22  13.0  -1.85   -1.85  0.0
121.59  25.22  14.0  -3.29   -3.29  0.0
121.59  25.22  15.0  -3.89   -3.89  0.0
121.59  25.22  16.0  -3.29   -3.29  0.0
121.59  25.22  17.0  -1.85   -1.85  0.0
121.59  25.22  18.0  -0.43   -0.43  0.0
121.60  25.22  11.0  -0.02   -0.02  0.0
121.60  25.22  12.0  -1.19   -1.19  0.0
121.60  25.22  13.0  -3.37   -3.37  0.0
121.60  25.22  14.0  -5.37   -5.37  0.0
121.60  25.22  15.0  -6.17   -6.17  0.0
121.60  25.22  16.0  -5.37   -5.37  0.0
121.60  25.22  17.0  -3.37   -3.37  0.0
121.60  25.22  18.0  -1.19   -1.19  0.0
121.60  25.22  19.0  -0.02   -0.02  0.0
121.60  25.22  11.0  -0.23   -0.23  0.0
121.60  25.22  12.0  -2.13   -2.13  0.0
121.60  25.22  13.0  -5.02   -5.02  0.0
121.60  25.22  14.0  -7.52   -7.52  0.0
121.60  25.22  15.0  -8.51   -8.51  0.0
121.60  25.22  16.0  -7.52   -7.52  0.0
121.60  25.22  17.0  -5.02   -5.02  0.0
121.60  25.22  18.0  -2.13   -2.13  0.0
121.60  25.22  19.0  -0.23   -0.23  0.0
121.61  25.22  11.0  -0.54   -0.54  0.0
121.61  25.22  12.0  -3.06   -3.06  0.0
121.61  25.22  13.0  -6.54   -6.54  0.0
121.61  25.22  14.0  -9.47   -9.47  0.0
121.61  25.22  15.0 -10.61  -10.61  0.0
121.61  25.22  16.0  -9.47   -9.47  0.0
121.61  25.22  17.0  -6.54   -6.54  0.0
121.61  25.22  18.0  -3.06   -3.06  0.0
121.61  25.22  19.0  -0.54   -0.54  0.0
121.61  25.22  11.0  -0.83   -0.83  0.0
121.61  25.22  12.0  -3.81   -3.81  0.0
121.61  25.22  13.0  -7.72   -7.72  0.0
121.61  25.22  14.0 -10.96  -10.96  0.0
121.61  25.22  15.0 -12.20  -12.20  0.0
121.61  25.22  16.0 -10.96  -10.96  0.0
121.61  25.22  17.0  -7.72   -7.72  0.0
121.61  25.22  18.0  -3.81   -3.81  0.0
121.61  25.22  19.0  -0.83   -0.83  0.0
121.62  25.22  11.0  -1.01   -1.01  0.0
121.62  25.22  12.0  -4.24   -4.24  0.0
121.62  25.22  13.0  -8.39   -8.39  0.0
121.62  25.22  14.0 -11.79  -11.79  0.0
121.62  25.22  15.0 -13.10  -13.10  0.0
121.62  25.22  16.0 -11.79  -11.79  0.0
121.62  25.22  17.0  -8.39   -8.39  0.0
121.62  25.22  18.0  -4.24   -4.24  0.0
121.62  25.22  19.0  -1.01   -1.01  0.0
121.62  25.22  11.0  -1.03   -1.03  0.0
121.62  25.22  12.0  -4.28   -4.28  0.0
121.62  25.22  13.0  -8.45   -8.45  0.0
121.62  25.22  14.0 -11.87  -11.87  0.0
121.62  25.22  15.0 -13.18  -13.18  0.0
121.62  25.22  16.0 -11.87  -11.87  0.0
121.62  25.22  17.0  -8.45   -8.45  0.0
121.62  25.22  18.0  -4.28   -4.28  0.0
121.62  25.22  19.0  -1.03   -1.03  0.0
121.63  25.22  11.0  -0.88   -0.88  0.0
121.63  25.22  12.0  -3.92   -3.92  0.0
121.63  25.22  13.0  -7.90   -7.90  0.0
121.63  25.22  14.0 -11.18  -11.18  0.0
121.63  25.22  15.0 -12.44  -12.44  0.0
121.63  25.22  16.0 -11.18  -11.18  0.0
121.63  25.22  17.0  -7.90   -7.90  0.0
121.63  25.22  18.0  -3.92   -3.92  0.0
121.63  25.22  19.0  -0.88   -0.88  0.0
121.63  25.22  11.0  -0.60   -0.60  0.0
121.63  25.22  12.0  -3.23   -3.23  0.0
121.63  25.22  13.0  -6.81   -6.81  0.0
121.63  25.22  14.0  -9.81   -9.81  0.0
121.63  25.22  15.0 -10.97  -10.97  0.0
121.63  25.22  16.0  -9.81   -9.81  0.0
121.63  25.22  17.0  -6.81   -6.81  0.0
121.63  25.22  18.0  -3.23   -3.23  0.0
121.63  25.22  19.0  -0.60   -0.60  0.0
121.64  25.22  11.0  -0.28   -0.28  0.0
121.64  25.22  12.0  -2.32   -2.32  0.0
121.64  25.22  13.0  -5.34   -5.34  0.0
121.64  25.22  14.0  -7.94   -7.94  0.0
121.64  25.22  15.0  -8.96   -8.96  0.0
121.64  25.22  16.0  -7.94   -7.94  0.0
121.64  25.22  17.0  -5.34   -5.34  0.0
121.64  25.22  18.0  -2.32   -2.32  0.0
121.64  25.22  19.0  -0.28   -0.28  0.0
121.64  25.22  11.0  -0.05   -0.05  0.0
121.64  25.22  12.0  -1.37   -1.37  0.0
121.64  25.22  13.0  -3.70   -3.70  0.0
121.64  25.22  14.0  -5.81   -5.81  0.0
121.64  25.22  15.0  -6.64   -6.64  0.0
121.64  25.22  16.0  -5.81   -5.81  0.0
121.64  25.22  17.0  -3.70   -3.70  0.0
121.64  25.22  18.0  -1.37   -1.37  0.0
121.64  25.22  19.0  -0.05   -0.05  0.0
121.65  25.22  12.0  -0.56   -0.56  0.0
121.65  25.22  13.0  -2.13   -2.13  0.0
121.65  25.22  14.0  -3.69   -3.69  0.0
121.65  25.22  15.0  -4.32   -4.32  0.0
121.65  25.22  16.0  -3.69   -3.69  0.0
121.65  25.22  17.0  -2.13   -2.13  0.0
121.65  25.22  18.0  -0.56   -0.56  0.0
121.65  25.22  12.0  -0.07   -0.07  0.0
121.65  25.22  13.0  -0.87   -0.87  0.0
121.65  25.22  14.0  -1.86   -1.86  0.0
121.65  25.22  15.0  -2.29   -2.29  0.0
121.65  25.22  16.0  -1.86   -1.86  0.0
121.65  25.22  17.0  -0.87   -0.87  0.0
121.65  25.22  18.0  -0.07   -0.07  0.0
121.66  25.22  13.0  -0.13   -0.13  0.0
121.66  25.22  14.0  -0.58   -0.58  0.0
121.66  25.22  15.0  -0.81   -0.81  0.0
121.66  25.22  16.0  -0.58   -0.58  0.0
121.66  25.22  17.0  -0.13   -0.13  0.0
121.66  25.22  14.0  -0.02   -0.02  0.0
121.66  25.22  15.0  -0.06   -0.06  0.0
121.66  25.22  16.0  -0.02   -0.02  0.0
121.58  25.22  13.0  -0.00   -0.00  0.0
121.58  25.22  14.0  -0.19   -0.19  0.0
121.58  25.22  15.0  -0.32   -0.32  0.0
121.58  25.22  16.0  -0.19   -0.19  0.0
121.58  25.22  17.0  -0.00   -0.00  0.0
121.59  25.22  13.0  -0.38   -0.38  0.0
121.59  25.22  14.0  -1.05   -1.05  0.0
121.59  25.22  15.0  -1.37   -1.37  0.0
121.59  25.22  16.0  -1.05   -1.05  0.0
121.59  25.22  17.0  -0.38   -0.38  0.0
121.59  25.22  12.0  -0.20   -0.20  0.0
121.59  25.22  13.0  -1.29   -1.29  0.0
121.59  25.22  14.0  -2.49   -2.49  0.0
121.59  25.22  15.0  -2.99   -2.99  0.0
121.59  25.22  16.0  -2.49   -2.49  0.0
121.59  25.22  17.0  -1.29   -1.29  0.0
121.59  25.22  18.0  -0.20   -0.20  0.0
121.60  25.22  12.0  -0.76   -0.76  0.0
121.60  25.22  13.0  -2.56   -2.56  0.0
121.60  25.22  14.0  -4.27   -4.27  0.0
121.60  25.22  15.0  -4.97   -4.97  0.0
121.60  25.22  16.0  -4.27   -4.27  0.0
121.60  25.22  17.0  -2.56   -2.56  0.0
121.60  25.22  18.0  -0.76   -0.76  0.0
121.60  25.22  11.0  -0.08   -0.08  0.0
121.60  25.22  12.0  -1.52   -1.52  0.0
121.60  25.22  13.0  -3.97   -3.97  0.0
121.60  25.22  14.0  -6.16   -6.16  0.0
121.60  25.22  15.0  -7.03   -7.03  0.0
121.60  25.22  16.0  -6.16   -6.16  0.0
121.60  25.22  17.0  -3.97   -3.97  0.0
121.60  25.22  18.0  -1.52   -1.52  0.0
121.60  25.22  19.0  -0.08   -0.08  0.0
121.61  25.22  11.0  -0.28   -0.28  0.0
121.61  25.22  12.0  -2.29   -2.29  0.0
121.61  25.22  13.0  -5.29   -5.29  0.0
121.61  25.22  14.0  -7.88   -7.88  0.0
121.61  25.22  15.0  -8.89   -8.89  0.0
121.61  25.22  16.0  -7.88   -7.88  0.0
121.61  25.22  17.0  -5.29   -5.29  0.0
121.61  25.22  18.0  -2.29   -2.29  0.0
121.61  25.22  19.0  -0.28   -0.28  0.0
121.61  25.22  11.0  -0.49   -0.49  0.0
121.61  25.22  12.0  -2.93   -2.93  0.0
121.61  25.22  13.0  -6.33   -6.33  0.0
121.61  25.22  14.0  -9.20   -9.20  0.0
121.61  25.22  15.0 -10.32  -10.32  0.0
121.61  25.22  16.0  -9.20   -9.20  0.0
121.61  25.22  17.0  -6.33   -6.33  0.0
121.61  25.22  18.0  -2.93   -2.93  0.0
121.61  25.22  19.0  -0.49   -0.49  0.0
121.62  25.22  11.0  -0.63   -0.63  0.0
121.62  25.22  12.0  -3.30   -3.30  0.0
121.62  25.22  13.0  -6.92   -6.92  0.0
121.62  25.22  14.0  -9.95   -9.95  0.0
121.62  25.22  15.0 -11.12  -11.12  0.0
121.62  25.22  16.0  -9.95   -9.95  0.0
121.62  25.22  17.0  -6.92   -6.92  0.0
121.62  25.22  18.0  -3.30   -3.30  0.0
121.62  25.22  19.0  -0.63   -0.63  0.0
121.62  25.22  11.0  -0.64   -0.64  0.0
121.62  25.22  12.0  -3.33   -3.33  0.0
121.62  25.22  13.0  -6.97   -6.97  0.0
121.62  25.22  14.0 -10.02  -10.02  0.0
121.62  25.22  15.0 -11.20  -11.20  0.0
121.62  25.22  16.0 -10.02  -10.02  0.0
121.62  25.22  17.0  -6.97   -6.97  0.0
121.62  25.22  18.0  -3.33   -3.33  0.0
121.62  25.22  19.0  -0.64   -0.64  0.0
121.63  25.22  11.0  -0.52   -0.52  0.0
121.63  25.22  12.0  -3.02   -3.02  0.0
121.63  25.22  13.0  -6.49   -6.49  0.0
121.63  25.22  14.0  -9.40   -9.40  0.0
121.63  25.22  15.0 -10.53  -10.53  0.0
121.63  25.22  16.0  -9.40   -9.40  0.0
121.63  25.22  17.0  -6.49   -6.49  0.0
121.63  25.22  18.0  -3.02   -3.02  0.0
121.63  25.22  19.0  -0.52   -0.52  0.0
121.63  25.22  11.0  -0.32   -0.32  0.0
121.63  25.22  12.0  -2.43   -2.43  0.0
121.63  25.22  13.0  -5.53   -5.53  0.0
121.63  25.22  14.0  -8.18   -8.18  0.0
121.63  25.22  15.0  -9.22   -9.22  0.0
121.63  25.22  16.0  -8.18   -8.18  0.0
121.63  25.22  17.0  -5.53   -5.53  0.0
121.63  25.22  18.0  -2.43   -2.43  0.0
121.63  25.22  19.0  -0.32   -0.32  0.0
121.64  25.22  11.0  -0.11   -0.11  0.0
121.64  25.22  12.0  -1.67   -1.67  0.0
121.64  25.22  13.0  -4.24   -4.24  0.0
121.64  25.22  14.0  -6.52   -6.52  0.0
121.64  25.22  15.0  -7.42   -7.42  0.0
121.64  25.22  16.0  -6.52   -6.52  0.0
121.64  25.22  17.0  -4.24   -4.24  0.0
121.64  25.22  18.0  -1.67   -1.67  0.0
121.64  25.22  19.0  -0.11   -0.11  0.0
121.64  25.22  11.0  -0.00   -0.00  0.0
121.64  25.22  12.0  -0.90   -0.90  0.0
121.64  25.22  13.0  -2.83   -2.83  0.0
121.64  25.22  14.0  -4.65   -4.65  0.0
121.64  25.22  15.0  -5.38   -5.38  0.0
121.64  25.22  16.0  -4.65   -4.65  0.0
121.64  25.22  17.0  -2.83   -2.83  0.0
121.64  25.22  18.0  -0.90   -0.90  0.0
121.64  25.22  19.0  -0.00   -0.00  0.0
121.65  25.22  12.0  -0.29   -0.29  0.0
121.65  25.22  13.0  -1.52   -1.52  0.0
121.65  25.22  14.0  -2.82   -2.82  0.0
121.65  25.22  15.0  -3.37   -3.37  0.0
121.65  25.22  16.0  -2.82   -2.82  0.0
121.65  25.22  17.0  -1.52   -1.52  0.0
121.65  25.22  18.0  -0.29   -0.29  0.0
121.65  25.22  12.0  -0.01   -0.01  0.0
121.65  25.22  13.0  -0.52   -0.52  0.0
121.65  25.22  14.0  -1.30   -1.30  0.0
121.65  25.22  15.0  -1.65   -1.65  0.0
121.65  25.22  16.0  -1.30   -1.30  0.0
121.65  25.22  17.0  -0.52   -0.52  0.0
121.65  25.22  18.0  -0.01   -0.01  0.0
121.66  25.22  13.0  -0.03   -0.03  0.0
121.66  25.22  14.0  -0.31   -0.31  0.0
121.66  25.22  15.0  -0.47   -0.47  0.0
121.66  25.22  16.0  -0.31   -0.31  0.0
121.66  25.22  17.0  -0.03   -0.03  0.0
121.66  25.22  15.0  -0.00   -0.00  0.0
121.58  25.23  14.0  -0.02   -0.02  0.0
121.58  25.23  15.0  -0.08   -0.08  0.0
121.58  25.23  16.0  -0.02   -0.02  0.0
121.59  25.23  13.0  -0.11   -0.11  0.0
121.59  25.23  14.0  -0.53   -0.53  0.0
121.59  25.23  15.0  -0.75   -0.75  0.0
121.59  25.23  16.0  -0.53   -0.53  0.0
121.59  25.23  17.0  -0.11   -0.11  0.0
121.59  25.23  12.0  -0.03   -0.03  0.0
121.59  25.23  13.0  -0.69   -0.69  0.0
121.59  25.23  14.0  -1.58   -1.58  0.0
121.59  25.23  15.0  -1.97   -1.97  0.0
121.59  25.23  16.0  -1.58   -1.58  0.0
121.59  25.23  17.0  -0.69   -0.69  0.0
121.59  25.23  18.0  -0.03   -0.03  0.0
121.60  25.23  12.0  -0.34   -0.34  0.0
121.60  25.23  13.0  -1.63   -1.63  0.0
121.60  25.23  14.0  -2.99   -2.99  0.0
121.60  25.23  15.0  -3.55   -3.55  0.0
121.60  25.23  16.0  -2.99   -2.99  0.0
121.60  25.23  17.0  -1.63   -1.63  0.0
121.60  25.23  18.0  -0.34   -0.34  0.0
121.60  25.23  11.0  -0.00   -0.00  0.0
121.60  25.23  12.0  -0.85   -0.85  0.0
121.60  25.23  13.0  -2.74   -2.74  0.0
121.60  25.23  14.0  -4.52   -4.52  0.0
121.60  25.23  15.0  -5.24   -5.24  0.0
121.60  25.23  16.0  -4.52   -4.52  0.0
121.60  25.23  17.0  -2.74   -2.74  0.0
121.60  25.23  18.0  -0.85   -0.85  0.0
121.60  25.23  19.0  -0.00   -0.00  0.0
121.61  25.23  11.0  -0.06   -0.06  0.0
121.61  25.23  12.0  -1.43   -1.43  0.0
121.61  25.23  13.0  -3.81   -3.81  0.0
121.61  25.23  14.0  -5.95   -5.95  0.0
121.61  25.23  15.0  -6.80   -6.80  0.0
121.61  25.23  16.0  -5.95   -5.95  0.0
121.61  25.23  17.0  -3.81   -3.81  0.0
121.61  25.23  18.0  -1.43   -1.43  0.0
121.61  25.23  19.0  -0.06   -0.06  0.0
121.61  25.23  11.0  -0.17   -0.17  0.0
121.61  25.23  12.0  -1.92   -1.92  0.0
121.61  25.23  13.0  -4.66   -4.66  0.0
121.61  25.23  14.0  -7.07   -7.07  0.0
121.61  25.23  15.0  -8.01   -8.01  0.0
121.61  25.23  16.0  -7.07   -7.07  0.0
121.61  25.23  17.0  -4.66   -4.66  0.0
121.61  25.23  18.0  -1.92   -1.92  0.0
121.61  25.23  19.0  -0.17   -0.17  0.0
121.62  25.23  11.0  -0.25   -0.25  0.0
121.62  25.23  12.0  -2.21   -2.21  0.0
121.62  25.23  13.0  -5.15   -5.15  0.0
121.62  25.23  14.0  -7.70   -7.70  0.0
121.62  25.23  15.0  -8.70   -8.70  0.0
121.62  25.23  16.0  -7.70   -7.70  0.0
121.62  25.23  17.0  -5.15   -5.15  0.0
121.62  25.23  18.0  -2.21   -2.21  0.0
121.62  25.23  19.0  -0.25   -0.25  0.0
121.62  25.23  11.0  -0.26   -0.26  0.0
121.62  25.23  12.0  -2.23   -2.23  0.0
121.62  25.23  13.0  -5.20   -5.20  0.0
121.62  25.23  14.0  -7.76   -7.76  0.0
121.62  25.23  15.0  -8.76   -8.76  0.0
121.62  25.23  16.0  -7.76   -7.76  0.0
121.62  25.23  17.0  -5.20   -5.20  0.0
121.62  25.23  18.0  -2.23   -2.23  0.0
121.62  25.23  19.0  -0.26   -0.26  0.0
121.63  25.23  11.0  -0.19   -0.19  0.0
121.63  25.23  12.0  -1.99   -1.99  0.0
121.63  25.23  13.0  -4.79   -4.79  0.0
121.63  25.23  14.0  -7.24   -7.24  0.0
121.63  25.23  15.0  -8.20   -8.20  0.0
121.63  25.23  16.0  -7.24   -7.24  0.0
121.63  25.23  17.0  -4.79   -4.79  0.0
121.63  25.23  18.0  -1.99   -1.99  0.0
121.63  25.23  19.0  -0.19   -0.19  0.0
121.63  25.23  11.0  -0.08   -0.08  0.0
121.63  25.23  12.0  -1.54   -1.54  0.0
121.63  25.23  13.0  -4.01   -4.01  0.0
121.63  25.23  14.0  -6.21   -6.21  0.0
121.63  25.23  15.0  -7.08   -7.08  0.0
121.63  25.23  16.0  -6.21   -6.21  0.0
121.63  25.23  17.0  -4.01   -4.01  0.0
121.63  25.23  18.0  -1.54   -1.54  0.0
121.63  25.23  19.0  -0.08   -0.08  0.0
121.64  25.23  11.0  -0.00   -0.00  0.0
121.64  25.23  12.0  -0.97   -0.97  0.0
121.64  25.23  13.0  -2.96   -2.96  0.0
121.64  25.23  14.0  -4.82   -4.82  0.0
121.64  25.23  15.0  -5.57   -5.57  0.0
121.64  25.23  16.0  -4.82   -4.82  0.0
121.64  25.23  17.0  -2.96   -2.96  0.0
121.64  25.23  18.0  -0.97   -0.97  0.0
121.64  25.23  19.0  -0.00   -0.00  0.0
121.64  25.23  12.0  -0.43   -0.43  0.0
121.64  25.23  13.0  -1.85   -1.85  0.0
121.64  25.23  14.0  -3.29   -3.29  0.0
121.64  25.23  15.0  -3.89   -3.89  0.0
121.64  25.23  16.0  -3.29   -3.29  0.0
121.64  25.23  17.0  -1.85   -1.85  0.0
121.64  25.23  18.0  -0.43   -0.43  0.0
121.65  25.23  12.0  -0.07   -0.07  0.0
121.65  25.23  13.0  -0.86   -0.86  0.0
121.65  25.23  14.0  -1.84   -1.84  0.0
121.65  25.23  15.0  -2.26   -2.26  0.0
121.65  25.23  16.0  -1.84   -1.84  0.0
121.65  25.23  17.0  -0.86   -0.86  0.0
121.65  25.23  18.0  -0.07   -0.07  0.0
121.65  25.23  13.0  -0.19   -0.19  0.0
121.65  25.23  14.0  -0.70   -0.70  0.0
121.65  25.23  15.0  -0.95   -0.95  0.0
121.65  25.23  16.0  -0.70   -0.70  0.0
121.65  25.23  17.0  -0.19   -0.19  0.0
121.66  25.23  14.0  -0.08   -0.08  0.0
121.66  25.23  15.0  -0.16   -0.16  0.0
121.66  25.23  16.0  -0.08   -0.08  0.0
121.59  25.23  14.0  -0.13   -0.13  0.0
121.59  25.23  15.0  -0.24   -0.24  0.0
121.59  25.23  16.0  -0.13   -0.13  0.0
121.59  25.23  13.0  -0.21   -0.21  0.0
121.59  25.23  14.0  -0.74   -0.74  0.0
121.59  25.23  15.0  -1.01   -1.01  0.0
121.59  25.23  16.0  -0.74   -0.74  0.0
121.59  25.23  17.0  -0.21   -0.21  0.0
121.60  25.23  12.0  -0.05   -0.05  0.0
121.60  25.23  13.0  -0.78   -0.78  0.0
121.60  25.23  14.0  -1.72   -1.72  0.0
121.60  25.23  15.0  -2.13   -2.13  0.0
121.60  25.23  16.0  -1.72   -1.72  0.0
121.60  25.23  17.0  -0.78   -0.78  0.0
121.60  25.23  18.0  -0.05   -0.05  0.0
121.60  25.23  12.0  -0.30   -0.30  0.0
121.60  25.23  13.0  -1.54   -1.54  0.0
121.60  25.23  14.0  -2.86   -2.86  0.0
121.60  25.23  15.0  -3.40   -3.40  0.0
121.60  25.23  16.0  -2.86   -2.86  0.0
121.60  25.23  17.0  -1.54   -1.54  0.0
121.60  25.23  18.0  -0.30   -0.30  0.0
121.61  25.23  12.0  -0.65   -0.65  0.0
121.61  25.23  13.0  -2.32   -2.32  0.0
121.61  25.23  14.0  -3.95   -3.95  0.0
121.61  25.23  15.0  -4.62   -4.62  0.0
121.61  25.23  16.0  -3.95   -3.95  0.0
121.61  25.23  17.0  -2.32   -2.32  0.0
121.61  25.23  18.0  -0.65   -0.65  0.0
121.61  25.23  11.0  -0.00   -0.00  0.0
121.61  25.23  12.0  -0.97   -0.97  0.0
121.61  25.23  13.0  -2.96   -2.96  0.0
121.61  25.23  14.0  -4.82   -4.82  0.0
121.61  25.23  15.0  -5.57   -5.57  0.0
121.61  25.23  16.0  -4.82   -4.82  0.0
121.61  25.23  17.0  -2.96   -2.96  0.0
121.61  25.23  18.0  -0.97   -0.97  0.0
121.61  25.23  19.0  -0.00   -0.00  0.0
121.62  25.23  11.0  -0.02   -0.02  0.0
121.62  25.23  12.0  -1.17   -1.17  0.0
121.62  25.23  13.0  -3.34   -3.34  0.0
121.62  25.23  14.0  -5.32   -5.32  0.0
121.62  25.23  15.0  -6.12   -6.12  0.0
121.62  25.23  16.0  -5.32   -5.32  0.0
121.62  25.23  17.0  -3.34   -3.34  0.0
121.62  25.23  18.0  -1.17   -1.17  0.0
121.62  25.23  19.0  -0.02   -0.02  0.0
121.62  25.23  11.0  -0.02   -0.02  0.0
121.62  25.23  12.0  -1.19   -1.19  0.0
121.62  25.23  13.0  -3.37   -3.37  0.0
121.62  25.23  14.0  -5.37   -5.37  0.0
121.62  25.23  15.0  -6.17   -6.17  0.0
121.62  25.23  16.0  -5.37   -5.37  0.0
121.62  25.23  17.0  -3.37   -3.37  0.0
121.62  25.23  18.0  -1.19   -1.19  0.0
121.62  25.23  19.0  -0.02   -0.02  0.0
121.63  25.23  11.0  -0.01   -0.01  0.0
121.63  25.23  12.0  -1.02   -1.02  0.0
121.63  25.23  13.0  -3.06   -3.06  0.0
121.63  25.23  14.0  -4.96   -4.96  0.0
121.63  25.23  15.0  -5.72   -5.72  0.0
121.63  25.23  16.0  -4.96   -4.96  0.0
121.63  25.23  17.0  -3.06   -3.06  0.0
121.63  25.23  18.0  -1.02   -1.02  0.0
121.63  25.23  19.0  -0.01   -0.01  0.0
121.63  25.23  12.0  -0.72   -0.72  0.0
121.63  25.23  13.0  -2.47   -2.47  0.0
121.63  25.23  14.0  -4.15   -4.15  0.0
121.63  25.23  15.0  -4.84   -4.84  0.0
121.63  25.23  16.0  -4.15   -4.15  0.0
121.63  25.23  17.0  -2.47   -2.47  0.0
121.63  25.23  18.0  -0.72   -0.72  0.0
121.64  25.23  12.0  -0.37   -0.37  0.0
121.64  25.23  13.0  -1.70   -1.70  0.0
121.64  25.23  14.0  -3.09   -3.09  0.0
121.64  25.23  15.0  -3.66   -3.66  0.0
121.64  25.23  16.0  -3.09   -3.09  0.0
121.64  25.23  17.0  -1.70   -1.70  0.0
121.64  25.23  18.0  -0.37   -0.37  0.0
121.64  25.23  12.0  -0.08   -0.08  0.0
121.64  25.23  13.0  -0.92   -0.92  0.0
121.64  25.23  14.0  -1.94   -1.94  0.0
121.64  25.23  15.0  -2.38   -2.38  0.0
121.64  25.23  16.0  -1.94   -1.94  0.0
121.64  25.23  17.0  -0.92   -0.92  0.0
121.64  25.23  18.0  -0.08   -0.08  0.0
121.65  25.23  13.0  -0.30   -0.30  0.0
121.65  25.23  14.0  -0.92   -0.92  0.0
121.65  25.23  15.0  -1.21   -1.21  0.0
121.65  25.23  16.0  -0.92   -0.92  0.0
121.65  25.23  17.0  -0.30   -0.30  0.0
121.65  25.23  13.0  -0.01   -0.01  0.0
121.65  25.23  14.0  -0.22   -0.22  0.0
121.65  25.23  15.0  -0.36   -0.36  0.0
121.65  25.23  16.0  -0.22   -0.22  0.0
121.65  25.23  17.0  -0.01   -0.01  0.0
121.66  25.23  15.0  -0.00   -0.00  0.0
121.59  25.24  15.0  -0.00   -0.00  0.0
121.59  25.24  13.0  -0.00   -0.00  0.0
121.59  25.24  14.0  -0.17   -0.17  0.0
121.59  25.24  15.0  -0.29   -0.29  0.0
121.59  25.24  16.0  -0.17   -0.17  0.0
121.59  25.24  17.0  -0.00   -0.00  0.0
121.60  25.24  13.0  -0.18   -0.18  0.0
121.60  25.24  14.0  -0.69   -0.69  0.0
121.60  25.24  15.0  -0.94   -0.94  0.0
121.60  25.24  16.0  -0.69   -0.69  0.0
121.60  25.24  17.0  -0.18   -0.18  0.0
121.60  25.24  12.0  -0.01   -0.01  0.0
121.60  25.24  13.0  -0.58   -0.58  0.0
121.60  25.24  14.0  -1.40   -1.40  0.0
121.60  25.24  15.0  -1.77   -1.77  0.0
121.60  25.24  16.0  -1.40   -1.40  0.0
121.60  25.24  17.0  -0.58   -0.58  0.0
121.60  25.24  18.0  -0.01   -0.01  0.0
121.61  25.24  12.0  -0.13   -0.13  0.0
121.61  25.24  13.0  -1.06   -1.06  0.0
121.61  25.24  14.0  -2.15   -2.15  0.0
121.61  25.24  15.0  -2.61   -2.61  0.0
121.61  25.24  16.0  -2.15   -2.15  0.0
121.61  25.24  17.0  -1.06   -1.06  0.0
121.61  25.24  18.0  -0.13   -0.13  0.0
121.61  25.24  12.0  -0.27   -0.27  0.0
121.61  25.24  13.0  -1.48   -1.48  0.0
121.61  25.24  14.0  -2.76   -2.76  0.0
121.61  25.24  15.0  -3.30   -3.30  0.0
121.61  25.24  16.0  -2.76   -2.76  0.0
121.61  25.24  17.0  -1.48   -1.48  0.0
121.61  25.24  18.0  -0.27   -0.27  0.0
121.62  25.24  12.0  -0.38   -0.38  0.0
121.62  25.24  13.0  -1.73   -1.73  0.0
121.62  25.24  14.0  -3.12   -3.12  0.0
121.62  25.24  15.0  -3.70   -3.70  0.0
121.62  25.24  16.0  -3.12   -3.12  0.0
121.62  25.24  17.0  -1.73   -1.73  0.0
121.62  25.24  18.0  -0.38   -0.38  0.0
121.62  25.24  12.0  -0.39   -0.39  0.0
121.62  25.24  13.0  -1.75   -1.75  0.0
121.62  25.24  14.0  -3.15   -3.15  0.0
121.62  25.24  15.0  -3.73   -3.73  0.0
121.62  25.24  16.0  -3.15   -3.15  0.0
121.62  25.24  17.0  -1.75   -1.75  0.0
121.62  25.24  18.0  -0.39   -0.39  0.0
121.63  25.24  12.0  -0.30   -0.30  0.0
121.63  25.24  13.0  -1.54   -1.54  0.0
121.63  25.24  14.0  -2.86   -2.86  0.0
121.63  25.24  15.0  -3.40   -3.40  0.0
121.63  25.24  16.0  -2.86   -2.86  0.0
121.63  25.24  17.0  -1.54   -1.54  0.0
121.63  25.24  18.0  -0.30   -0.30  0.0
121.63  25.24  12.0  -0.16   -0.16  0.0
121.63  25.24  13.0  -1.15   -1.15  0.0
121.63  25.24  14.0  -2.29   -2.29  0.0
121.63  25.24  15.0  -2.77   -2.77  0.0
121.63  25.24  16.0  -2.29   -2.29  0.0
121.63  25.24  17.0  -1.15   -1.15  0.0
121.63  25.24  18.0  -0.16   -0.16  0.0
121.64  25.24  12.0  -0.03   -0.03  0.0
121.64  25.24  13.0  -0.68   -0.68  0.0
121.64  25.24  14.0  -1.56   -1.56  0.0
121.64  25.24  15.0  -1.94   -1.94  0.0
121.64  25.24  16.0  -1.56   -1.56  0.0
121.64  25.24  17.0  -0.68   -0.68  0.0
121.64  25.24  18.0  -0.03   -0.03  0.0
121.64  25.24  13.0  -0.25   -0.25  0.0
121.64  25.24  14.0  -0.82   -0.82  0.0
121.64  25.24  15.0  -1.09   -1.09  0.0
121.64  25.24  16.0  -0.82   -0.82  0.0
121.64  25.24  17.0  -0.25   -0.25  0.0
121.65  25.24  13.0  -0.01   -0.01  0.0
121.65  25.24  14.0  -0.25   -0.25  0.0
121.65  25.24  15.0  -0.40   -0.40  0.0
121.65  25.24  16.0  -0.25   -0.25  0.0
121.65  25.24  17.0  -0.01   -0.01  0.0
121.65  25.24  14.0  -0.00   -0.00  0.0
121.65  25.24  15.0  -0.03   -0.03  0.0
121.65  25.24  16.0  -0.00   -0.00  0.0
121.59  25.24  15.0  -0.00   -0.00  0.0
121.60  25.24  14.0  -0.09   -0.09  0.0
121.60  25.24  15.0  -0.18   -0.18  0.0
121.60  25.24  16.0  -0.09   -0.09  0.0
121.60  25.24  13.0  -0.06   -0.06  0.0
121.60  25.24  14.0  -0.39   -0.39  0.0
121.60  25.24  15.0  -0.58   -0.58  0.0
121.60  25.24  16.0  -0.39   -0.39  0.0
121.60  25.24  17.0  -0.06   -0.06  0.0
121.61  25.24  13.0  -0.23   -0.23  0.0
121.61  25.24  14.0  -0.79   -0.79  0.0
121.61  25.24  15.0  -1.06   -1.06  0.0
121.61  25.24  16.0  -0.79   -0.79  0.0
121.61  25.24  17.0  -0.23   -0.23  0.0
121.61  25.24  12.0  -0.00   -0.00  0.0
121.61  25.24  13.0  -0.43   -0.43  0.0
121.61  25.24  14.0  -1.15   -1.15  0.0
121.61  25.24  15.0  -1.47   -1.47  0.0
121.61  25.24  16.0  -1.15   -1.15  0.0
121.61  25.24  17.0  -0.43   -0.43  0.0
121.61  25.24  18.0  -0.00   -0.00  0.0
121.62  25.24  12.0  -0.01   -0.01  0.0
121.62  25.24  13.0  -0.56   -0.56  0.0
121.62  25.24  14.0  -1.36   -1.36  0.0
121.62  25.24  15.0  -1.72   -1.72  0.0
121.62  25.24  16.0  -1.36   -1.36  0.0
121.62  25.24  17.0  -0.56   -0.56  0.0
121.62  25.24  18.0  -0.01   -0.01  0.0
121.62  25.24  12.0  -0.01   -0.01  0.0
121.62  25.24  13.0  -0.57   -0.57  0.0
121.62  25.24  14.0  -1.38   -1.38  0.0
121.62  25.24  15.0  -1.75   -1.75  0.0
121.62  25.24  16.0  -1.38   -1.38  0.0
121.62  25.24  17.0  -0.57   -0.57  0.0
121.62  25.24  18.0  -0.01   -0.01  0.0
121.63  25.24  12.0  -0.00   -0.00  0.0
121.63  25.24  13.0  -0.46   -0.46  0.0
121.63  25.24  14.0  -1.20   -1.20  0.0
121.63  25.24  15.0  -1.54   -1.54  0.0
121.63  25.24  16.0  -1.20   -1.20  0.0
121.63  25.24  17.0  -0.46   -0.46  0.0
121.63  25.24  18.0  -0.00   -0.00  0.0
121.63  25.24  13.0  -0.27   -0.27  0.0
121.63  25.24  14.0  -0.87   -0.87  0.0
121.63  25.24  15.0  -1.15   -1.15  0.0
121.63  25.24  16.0  -0.87   -0.87  0.0
121.63  25.24  17.0  -0.27   -0.27  0.0
121.64  25.24  13.0  -0.09   -0.09  0.0
121.64  25.24  14.0  -0.47   -0.47  0.0
121.64  25.24  15.0  -0.68   -0.68  0.0
121.64  25.24  16.0  -0.47   -0.47  0.0
121.64  25.24  17.0  -0.09   -0.09  0.0
121.64  25.24  14.0  -0.14   -0.14  0.0
121.64  25.24  15.0  -0.25   -0.25  0.0
121.64  25.24  16.0  -0.14   -0.14  0.0
121.65  25.24  15.0  -0.01   -0.01  0.0
121.60  25.25  14.0  -0.00   -0.00  0.0
121.60  25.25  15.0  -0.03   -0.03  0.0
121.60  25.25  16.0  -0.00   -0.00  0.0
121.61  25.25  14.0  -0.08   -0.08  0.0
121.61  25.25  15.0  -0.16   -0.16  0.0
121.61  25.25  16.0  -0.08   -0.08  0.0
121.61  25.25  13.0  -0.00   -0.00  0.0
121.61  25.25  14.0  -0.19   -0.19  0.0
121.61  25.25  15.0  -0.33   -0.33  0.0
121.61  25.25  16.0  -0.19   -0.19  0.0
121.61  25.25  17.0  -0.00   -0.00  0.0
121.62  25.25  13.0  -0.02   -0.02  0.0
121.62  25.25  14.0  -0.28   -0.28  0.0
121.62  25.25  15.0  -0.44   -0.44  0.0
121.62  25.25  16.0  -0.28   -0.28  0.0
121.62  25.25  17.0  -0.02   -0.02  0.0
121.62  25.25  13.0  -0.02   -0.02  0.0
121.62  25.25  14.0  -0.29   -0.29  0.0
121.62  25.25  15.0  -0.45   -0.45  0.0
121.62  25.25  16.0  -0.29   -0.29  0.0
121.62  25.25  17.0  -0.02   -0.02  0.0
121.63  25.25  13.0  -0.01   -0.01  0.0
121.63  25.25  14.0  -0.22   -0.22  0.0
121.63  25.25  15.0  -0.36   -0.36  0.0
121.63  25.25  16.0  -0.22   -0.22  0.0
121.63  25.25  17.0  -0.01   -0.01  0.0
121.63  25.25  14.0  -0.10   -0.10  0.0
121.63  25.25  15.0  -0.20   -0.20  0.0
121.63  25.25  16.0  -0.10   -0.10  0.0
121.64  25.25  14.0  -0.01   -0.01  0.0
121.64  25.25  15.0  -0.05   -0.05  0.0
121.64  25.25  16.0  -0.01   -0.01  0.0
121.62  25.25  15.0  -0.00   -0.00  0.0
